5 0.21033653846153846 0.3004807692307692 0.07211538461538461 0.16346153846153846
2 0.20192307692307693 0.3737980769230769 0.07692307692307693 0.1875
1 0.18028846153846154 0.5 0.0625 0.1346153846153846
1 0.23798076923076922 0.2127403846153846 0.052884615384615384 0.12740384615384615
3 0.24879807692307693 0.1346153846153846 0.057692307692307696 0.11538461538461539
3 0.16466346153846154 0.6189903846153846 0.07692307692307693 0.1201923076923077
6 0.14903846153846154 0.7487980769230769 0.07211538461538461 0.12980769230769232
6 0.2512019230769231 0.0625 0.05048076923076923 0.10576923076923077
4 0.33533653846153844 0.06370192307692307 0.040865384615384616 0.09615384615384616
4 0.3293269230769231 0.14423076923076922 0.038461538461538464 0.09375
4 0.3173076923076923 0.2283653846153846 0.04326923076923077 0.09615384615384616
4 0.3088942307692308 0.31009615384615385 0.04326923076923077 0.09615384615384616
4 0.296875 0.4074519230769231 0.04807692307692308 0.0985576923076923
4 0.2848557692307692 0.5180288461538461 0.052884615384615384 0.10576923076923077
4 0.2692307692307692 0.6274038461538461 0.04807692307692308 0.11057692307692307
4 0.2536057692307692 0.7524038461538461 0.052884615384615384 0.10817307692307693
11 0.8197115384615384 0.28125 0.06009615384615385 0.17067307692307693
8 0.8317307692307693 0.36899038461538464 0.0673076923076923 0.1971153846153846
7 0.8125 0.203125 0.04807692307692308 0.1346153846153846
7 0.8461538461538461 0.4963942307692308 0.055288461538461536 0.13221153846153846
9 0.796875 0.12379807692307693 0.052884615384615384 0.12740384615384615
9 0.8401442307692307 0.6129807692307693 0.0625 0.14182692307692307
12 0.8677884615384616 0.7620192307692307 0.0673076923076923 0.1346153846153846
12 0.796875 0.05048076923076923 0.04567307692307692 0.10096153846153846
10 0.7199519230769231 0.13942307692307693 0.04326923076923077 0.0985576923076923
10 0.71875 0.055288461538461536 0.040865384615384616 0.0985576923076923
10 0.7223557692307693 0.22355769230769232 0.04326923076923077 0.09615384615384616
10 0.7283653846153846 0.3125 0.04326923076923077 0.10096153846153846
10 0.7283653846153846 0.41466346153846156 0.04567307692307692 0.10096153846153846
10 0.7391826923076923 0.5216346153846154 0.04807692307692308 0.09615384615384616
10 0.7403846153846154 0.625 0.05048076923076923 0.10576923076923077
10 0.7548076923076923 0.7512019230769231 0.0625 0.11057692307692307