5 0.8064903846153846 0.3088942307692308 0.07692307692307693 0.16346153846153846
2 0.8112980769230769 0.38221153846153844 0.08413461538461539 0.18990384615384615
1 0.828125 0.5084134615384616 0.06490384615384616 0.13701923076923078
1 0.7800480769230769 0.21995192307692307 0.057692307692307696 0.12740384615384615
3 0.7728365384615384 0.14182692307692307 0.0625 0.11778846153846154
3 0.8401442307692307 0.6262019230769231 0.07932692307692307 0.125
6 0.8509615384615384 0.7548076923076923 0.07692307692307693 0.13221153846153846
6 0.7728365384615384 0.06971153846153846 0.055288461538461536 0.10576923076923077
4 0.6899038461538461 0.0673076923076923 0.04326923076923077 0.09615384615384616
4 0.6911057692307693 0.14783653846153846 0.04326923076923077 0.09615384615384616
4 0.7007211538461539 0.23317307692307693 0.04567307692307692 0.0985576923076923
4 0.7055288461538461 0.31490384615384615 0.04567307692307692 0.0985576923076923
4 0.7163461538461539 0.4110576923076923 0.05048076923076923 0.10096153846153846
4 0.7235576923076923 0.5204326923076923 0.057692307692307696 0.10576923076923077
4 0.734375 0.6310096153846154 0.052884615384615384 0.11298076923076923
4 0.7463942307692307 0.7560096153846154 0.057692307692307696 0.11057692307692307
11 0.20072115384615385 0.2668269230769231 0.06490384615384616 0.17307692307692307
8 0.18389423076923078 0.3545673076923077 0.07451923076923077 0.1971153846153846
7 0.2091346153846154 0.18990384615384615 0.052884615384615384 0.13701923076923078
7 0.16466346153846154 0.4807692307692308 0.06009615384615385 0.13221153846153846
9 0.22716346153846154 0.11298076923076923 0.057692307692307696 0.12980769230769232
9 0.16826923076923078 0.5961538461538461 0.0673076923076923 0.14182692307692307
12 0.13581730769230768 0.7451923076923077 0.07211538461538461 0.13701923076923078
12 0.22956730769230768 0.04567307692307692 0.05048076923076923 0.09134615384615384
10 0.30408653846153844 0.12980769230769232 0.04567307692307692 0.0985576923076923
10 0.3076923076923077 0.04807692307692308 0.04326923076923077 0.09615384615384616
10 0.2980769230769231 0.21394230769230768 0.04567307692307692 0.0985576923076923
10 0.28966346153846156 0.30288461538461536 0.04807692307692308 0.10336538461538461
10 0.2860576923076923 0.40384615384615385 0.04807692307692308 0.10096153846153846
10 0.27163461538461536 0.5096153846153846 0.05048076923076923 0.0985576923076923
10 0.2668269230769231 0.6117788461538461 0.055288461538461536 0.10576923076923077
10 0.24759615384615385 0.7367788461538461 0.0673076923076923 0.11298076923076923