10 0.7211538461538461 0.109375 0.06971153846153846 0.1201923076923077
7 0.5576923076923077 0.39903846153846156 0.07211538461538461 0.15144230769230768
8 0.8473557692307693 0.2512019230769231 0.09375 0.22355769230769232
11 0.6442307692307693 0.09495192307692307 0.07692307692307693 0.18990384615384615
12 0.5600961538461539 0.30288461538461536 0.07211538461538461 0.13942307692307693
9 0.5612980769230769 0.6310096153846154 0.07932692307692307 0.16826923076923078
10 0.7487980769230769 0.28846153846153844 0.0673076923076923 0.12980769230769232
10 0.6598557692307693 0.53125 0.06971153846153846 0.13221153846153846
6 0.7223557692307693 0.036057692307692304 0.06490384615384616 0.07211538461538461
3 0.78125 0.6165865384615384 0.08173076923076923 0.17307692307692307
2 0.20192307692307693 0.27884615384615385 0.10576923076923077 0.22355769230769232
4 0.46634615384615385 0.6538461538461539 0.0673076923076923 0.12980769230769232
4 0.39663461538461536 0.32211538461538464 0.06009615384615385 0.125
4 0.3894230769230769 0.5240384615384616 0.0673076923076923 0.13701923076923078