10 0.24519230769230768 0.14302884615384615 0.06971153846153846 0.1201923076923077
7 0.4387019230769231 0.41466346153846156 0.07211538461538461 0.15144230769230768
8 0.13581730769230768 0.296875 0.09375 0.22355769230769232
11 0.31971153846153844 0.12139423076923077 0.07692307692307693 0.19230769230769232
12 0.4254807692307692 0.31850961538461536 0.07211538461538461 0.13942307692307693
9 0.4579326923076923 0.6466346153846154 0.07932692307692307 0.16826923076923078
10 0.23677884615384615 0.3233173076923077 0.0673076923076923 0.12980769230769232
10 0.34975961538461536 0.5576923076923077 0.06971153846153846 0.13221153846153846
6 0.23557692307692307 0.06009615384615385 0.0673076923076923 0.09615384615384616
3 0.23798076923076922 0.6550480769230769 0.08173076923076923 0.17307692307692307
2 0.7788461538461539 0.25841346153846156 0.10576923076923077 0.22355769230769232
4 0.5564903846153846 0.6586538461538461 0.0673076923076923 0.12980769230769232
4 0.5889423076923077 0.32211538461538464 0.06009615384615385 0.125
4 0.6177884615384616 0.5216346153846154 0.0673076923076923 0.13701923076923078