7 0.5817307692307693 0.39663461538461536 0.07451923076923077 0.16105769230769232
12 0.5793269230769231 0.296875 0.07932692307692307 0.1466346153846154
11 0.6598557692307693 0.09254807692307693 0.08413461538461539 0.18509615384615385
9 0.5841346153846154 0.6262019230769231 0.0889423076923077 0.16105769230769232
10 0.6814903846153846 0.5276442307692307 0.0673076923076923 0.13942307692307693
10 0.7367788461538461 0.10697115384615384 0.06009615384615385 0.11538461538461539
10 0.7680288461538461 0.28365384615384615 0.07211538461538461 0.125
8 0.8665865384615384 0.2403846153846154 0.10096153846153846 0.2283653846153846
6 0.7355769230769231 0.036057692307692304 0.0673076923076923 0.07211538461538461
3 0.8149038461538461 0.6033653846153846 0.0985576923076923 0.1778846153846154
2 0.2247596153846154 0.2824519230769231 0.10576923076923077 0.21875
4 0.41947115384615385 0.3173076923076923 0.06490384615384616 0.12259615384615384
4 0.6033653846153846 0.5084134615384616 0.0673076923076923 0.12740384615384615
4 0.49399038461538464 0.6526442307692307 0.06971153846153846 0.125