2 0.7403846153846154 0.2848557692307692 0.10336538461538461 0.22355769230769232
11 0.7980769230769231 0.10576923076923077 0.09375 0.18509615384615385
7 0.4675480769230769 0.4014423076923077 0.07211538461538461 0.16346153846153846
12 0.46634615384615385 0.3004807692307692 0.08173076923076923 0.14903846153846154
6 0.30408653846153844 0.037259615384615384 0.06490384615384616 0.07451923076923077
8 0.18028846153846154 0.24879807692307693 0.10096153846153846 0.23076923076923078
10 0.30528846153846156 0.1045673076923077 0.06971153846153846 0.12259615384615384
10 0.36778846153846156 0.5300480769230769 0.07211538461538461 0.125
10 0.2764423076923077 0.28725961538461536 0.06490384615384616 0.12980769230769232
4 0.3641826923076923 0.4026442307692308 0.0673076923076923 0.12259615384615384
4 0.6298076923076923 0.3137019230769231 0.0673076923076923 0.125
4 0.5612980769230769 0.6538461538461539 0.06490384615384616 0.12980769230769232