5 0.2247596153846154 0.2860576923076923 0.07211538461538461 0.15625
2 0.21634615384615385 0.359375 0.07692307692307693 0.1875
1 0.28725961538461536 0.6081730769230769 0.057692307692307696 0.13942307692307693
1 0.25961538461538464 0.20192307692307693 0.055288461538461536 0.13701923076923078
12 0.15384615384615385 0.7211538461538461 0.07692307692307693 0.14182692307692307
12 0.27524038461538464 0.06009615384615385 0.052884615384615384 0.11778846153846154
3 0.5625 0.39663461538461536 0.06009615384615385 0.13221153846153846
3 0.421875 0.12860576923076922 0.05048076923076923 0.13221153846153846
4 0.3473557692307692 0.140625 0.04326923076923077 0.08653846153846154
4 0.3581730769230769 0.055288461538461536 0.04567307692307692 0.0985576923076923
4 0.29086538461538464 0.5012019230769231 0.05048076923076923 0.10096153846153846
4 0.30649038461538464 0.3954326923076923 0.05048076923076923 0.10336538461538461
4 0.33533653846153844 0.21995192307692307 0.04567307692307692 0.10336538461538461
4 0.49158653846153844 0.3016826923076923 0.04326923076923077 0.10576923076923077
4 0.38100961538461536 0.6129807692307693 0.052884615384615384 0.11057692307692307
4 0.3473557692307692 0.734375 0.057692307692307696 0.11538461538461539
12 0.8088942307692307 0.06370192307692307 0.057692307692307696 0.10817307692307693
12 0.7379807692307693 0.75 0.06971153846153846 0.1346153846153846
8 0.8329326923076923 0.375 0.07932692307692307 0.19951923076923078
11 0.8221153846153846 0.28846153846153844 0.07692307692307693 0.17067307692307693
7 0.8401442307692307 0.5012019230769231 0.06490384615384616 0.13942307692307693
7 0.6538461538461539 0.05889423076923077 0.055288461538461536 0.11057692307692307
9 0.6466346153846154 0.20192307692307693 0.06009615384615385 0.1346153846153846
9 0.828125 0.6129807692307693 0.07451923076923077 0.13942307692307693
10 0.5432692307692307 0.7367788461538461 0.057692307692307696 0.10817307692307693
10 0.7355769230769231 0.5180288461538461 0.05048076923076923 0.10096153846153846
10 0.7331730769230769 0.6225961538461539 0.06009615384615385 0.10817307692307693
10 0.7283653846153846 0.4182692307692308 0.05048076923076923 0.10576923076923077
10 0.5697115384615384 0.30408653846153844 0.04567307692307692 0.0985576923076923
10 0.5829326923076923 0.14423076923076922 0.04567307692307692 0.09615384615384616
10 0.7283653846153846 0.2283653846153846 0.04567307692307692 0.10336538461538461
10 0.7307692307692307 0.0673076923076923 0.04807692307692308 0.10336538461538461