8 0.8401442307692307 0.4387019230769231 0.09375 0.21875
12 0.8257211538461539 0.10697115384615384 0.06971153846153846 0.13701923076923078
7 0.8329326923076923 0.17067307692307693 0.07211538461538461 0.15865384615384615
7 0.8389423076923077 0.7103365384615384 0.0889423076923077 0.15384615384615385
9 0.828125 0.5841346153846154 0.07451923076923077 0.14903846153846154
9 0.6490384615384616 0.34375 0.06490384615384616 0.14182692307692307
11 0.6682692307692307 0.15745192307692307 0.07932692307692307 0.1875
10 0.5997596153846154 0.08774038461538461 0.06009615384615385 0.11778846153846154
10 0.5853365384615384 0.2548076923076923 0.06009615384615385 0.11298076923076923
10 0.7403846153846154 0.18028846153846154 0.057692307692307696 0.11538461538461539
10 0.7415865384615384 0.36177884615384615 0.06009615384615385 0.11538461538461539
10 0.7331730769230769 0.46634615384615385 0.0673076923076923 0.11778846153846154
10 0.7319711538461539 0.7043269230769231 0.07451923076923077 0.125
5 0.46634615384615385 0.42788461538461536 0.07932692307692307 0.19951923076923078
1 0.6237980769230769 0.5673076923076923 0.07451923076923077 0.15865384615384615
3 0.3942307692307692 0.33533653846153844 0.07211538461538461 0.15384615384615385
3 0.3269230769230769 0.6610576923076923 0.07932692307692307 0.17548076923076922
2 0.2127403846153846 0.27884615384615385 0.09615384615384616 0.21153846153846154
1 0.35336538461538464 0.07091346153846154 0.0673076923076923 0.14182692307692307
6 0.2692307692307692 0.06610576923076923 0.0673076923076923 0.13221153846153846
6 0.15865384615384615 0.53125 0.08173076923076923 0.15384615384615385
4 0.2091346153846154 0.7908653846153846 0.06971153846153846 0.12259615384615384
4 0.3004807692307692 0.33774038461538464 0.06009615384615385 0.11298076923076923
4 0.42427884615384615 0.16947115384615385 0.06009615384615385 0.1201923076923077
4 0.484375 0.2644230769230769 0.057692307692307696 0.11538461538461539
4 0.36658653846153844 0.5408653846153846 0.0625 0.12259615384615384
4 0.4254807692307692 0.6838942307692307 0.06490384615384616 0.12740384615384615