6 0.8473557692307693 0.7896634615384616 0.07451923076923077 0.1346153846153846
6 0.7271634615384616 0.06971153846153846 0.055288461538461536 0.11057692307692307
5 0.6995192307692307 0.4098557692307692 0.06490384615384616 0.17307692307692307
2 0.7680288461538461 0.2932692307692308 0.08173076923076923 0.1971153846153846
3 0.8137019230769231 0.5444711538461539 0.07211538461538461 0.1346153846153846
3 0.5985576923076923 0.33653846153846156 0.06009615384615385 0.13701923076923078
1 0.7367788461538461 0.1466346153846154 0.057692307692307696 0.13942307692307693
1 0.5084134615384616 0.32572115384615385 0.04807692307692308 0.13942307692307693
4 0.7379807692307693 0.7932692307692307 0.06009615384615385 0.11538461538461539
4 0.6766826923076923 0.3389423076923077 0.04567307692307692 0.10576923076923077
4 0.5661057692307693 0.16826923076923078 0.04567307692307692 0.11057692307692307
4 0.4963942307692308 0.07692307692307693 0.04326923076923077 0.10336538461538461
4 0.5012019230769231 0.25600961538461536 0.04326923076923077 0.10576923076923077
4 0.5216346153846154 0.44471153846153844 0.04807692307692308 0.10576923076923077
4 0.5913461538461539 0.546875 0.04807692307692308 0.11538461538461539
4 0.5324519230769231 0.671875 0.052884615384615384 0.125
8 0.14423076923076922 0.4014423076923077 0.07692307692307693 0.1971153846153846
9 0.33774038461538464 0.32572115384615385 0.057692307692307696 0.13942307692307693
9 0.140625 0.546875 0.06971153846153846 0.1346153846153846
12 0.3329326923076923 0.7848557692307693 0.0673076923076923 0.14423076923076922
12 0.18028846153846154 0.07932692307692307 0.052884615384615384 0.12259615384615384
7 0.16706730769230768 0.14182692307692307 0.055288461538461536 0.1466346153846154
7 0.12379807692307693 0.6694711538461539 0.0625 0.14423076923076922
11 0.25841346153846156 0.2127403846153846 0.0673076923076923 0.16826923076923078
10 0.25721153846153844 0.15865384615384615 0.04326923076923077 0.10576923076923077
10 0.2439903846153846 0.3317307692307692 0.04326923076923077 0.10576923076923077
10 0.40024038461538464 0.0733173076923077 0.04326923076923077 0.10576923076923077
10 0.4026442307692308 0.23918269230769232 0.04807692307692308 0.11057692307692307
10 0.24278846153846154 0.4362980769230769 0.05048076923076923 0.10576923076923077
10 0.22956730769230768 0.6730769230769231 0.052884615384615384 0.11057692307692307
10 0.43509615384615385 0.7956730769230769 0.055288461538461536 0.1201923076923077
10 0.4170673076923077 0.5612980769230769 0.05048076923076923 0.11298076923076923