2 0.7584134615384616 0.27163461538461536 0.09615384615384616 0.2283653846153846
6 0.5420673076923077 0.06490384615384616 0.06490384615384616 0.12980769230769232
1 0.4855769230769231 0.2127403846153846 0.07692307692307693 0.16346153846153846
4 0.6694711538461539 0.32211538461538464 0.06009615384615385 0.12259615384615384
4 0.5985576923076923 0.53125 0.06490384615384616 0.12980769230769232
4 0.5372596153846154 0.6610576923076923 0.06490384615384616 0.1346153846153846
4 0.38822115384615385 0.16346153846153846 0.06490384615384616 0.125
3 0.32572115384615385 0.4338942307692308 0.07932692307692307 0.16346153846153846
3 0.22115384615384615 0.6466346153846154 0.08413461538461539 0.17067307692307693
9 0.21754807692307693 0.7980769230769231 0.08413461538461539 0.16346153846153846
12 0.15504807692307693 0.078125 0.07211538461538461 0.1346153846153846
11 0.3112980769230769 0.1310096153846154 0.07451923076923077 0.1875
8 0.12860576923076922 0.3016826923076923 0.09615384615384616 0.21394230769230768
7 0.41947115384615385 0.4182692307692308 0.06971153846153846 0.1658653846153846
10 0.32211538461538464 0.31850961538461536 0.057692307692307696 0.1201923076923077
10 0.23798076923076922 0.15264423076923078 0.0625 0.11538461538461539
10 0.23076923076923078 0.3317307692307692 0.06490384615384616 0.12740384615384615
10 0.33413461538461536 0.5625 0.07451923076923077 0.13221153846153846