6 0.8629807692307693 0.6947115384615384 0.09375 0.1658653846153846
2 0.8040865384615384 0.4543269230769231 0.10817307692307693 0.21634615384615385
5 0.5733173076923077 0.28125 0.08173076923076923 0.18028846153846154
4 0.6454326923076923 0.2091346153846154 0.06009615384615385 0.11538461538461539
4 0.6862980769230769 0.3798076923076923 0.06490384615384616 0.11298076923076923
4 0.6213942307692307 0.4891826923076923 0.0673076923076923 0.11538461538461539
4 0.4723557692307692 0.057692307692307696 0.04567307692307692 0.10096153846153846
4 0.49158653846153844 0.29927884615384615 0.06009615384615385 0.10817307692307693
3 0.42788461538461536 0.39783653846153844 0.07692307692307693 0.14423076923076922
9 0.4675480769230769 0.1310096153846154 0.0673076923076923 0.13942307692307693
7 0.4495192307692308 0.6057692307692307 0.07451923076923077 0.15144230769230768
8 0.24879807692307693 0.390625 0.09615384615384616 0.20432692307692307
11 0.33653846153846156 0.30408653846153844 0.07932692307692307 0.18990384615384615
9 0.35096153846153844 0.5036057692307693 0.07932692307692307 0.15144230769230768
12 0.15625 0.08533653846153846 0.06490384615384616 0.10817307692307693
10 0.23317307692307693 0.07572115384615384 0.057692307692307696 0.10576923076923077
10 0.25 0.23677884615384615 0.06009615384615385 0.11057692307692307
10 0.41346153846153844 0.30528846153846156 0.055288461538461536 0.10336538461538461
10 0.46634615384615385 0.7427884615384616 0.07211538461538461 0.11778846153846154
10 0.2704326923076923 0.6394230769230769 0.06971153846153846 0.11538461538461539
12 0.27524038461538464 0.7704326923076923 0.09375 0.14903846153846154