6 0.8834134615384616 0.7475961538461539 0.08653846153846154 0.16826923076923078
2 0.8413461538461539 0.4951923076923077 0.0985576923076923 0.21875
5 0.6141826923076923 0.3004807692307692 0.07211538461538461 0.18269230769230768
4 0.6959134615384616 0.22956730769230768 0.055288461538461536 0.11778846153846154
4 0.7247596153846154 0.4098557692307692 0.06009615384615385 0.11538461538461539
4 0.6490384615384616 0.5192307692307693 0.0625 0.11538461538461539
4 0.5264423076923077 0.06129807692307692 0.040865384615384616 0.10336538461538461
4 0.5300480769230769 0.3112980769230769 0.055288461538461536 0.11057692307692307
3 0.45552884615384615 0.4098557692307692 0.07211538461538461 0.1466346153846154
9 0.515625 0.13701923076923078 0.06009615384615385 0.14423076923076922
7 0.4639423076923077 0.625 0.0673076923076923 0.15384615384615385
8 0.27163461538461536 0.3894230769230769 0.08653846153846154 0.2091346153846154
11 0.36778846153846156 0.30649038461538464 0.06971153846153846 0.19230769230769232
9 0.36778846153846156 0.5132211538461539 0.07211538461538461 0.15384615384615385
12 0.1971153846153846 0.06610576923076923 0.06009615384615385 0.11298076923076923
10 0.2764423076923077 0.06129807692307692 0.052884615384615384 0.10817307692307693
10 0.28365384615384615 0.22956730769230768 0.057692307692307696 0.11057692307692307
10 0.44711538461538464 0.3125 0.05048076923076923 0.10576923076923077
10 0.47115384615384615 0.7692307692307693 0.0673076923076923 0.11778846153846154
10 0.27524038461538464 0.6478365384615384 0.06490384615384616 0.11538461538461539
12 0.27163461538461536 0.7836538461538461 0.08653846153846154 0.14903846153846154