1 0.7596153846153846 0.17067307692307693 0.055288461538461536 0.13221153846153846
1 0.53125 0.328125 0.055288461538461536 0.13221153846153846
5 0.7139423076923077 0.4230769230769231 0.06009615384615385 0.16826923076923078
3 0.78125 0.3125 0.08173076923076923 0.19230769230769232
6 0.8365384615384616 0.8052884615384616 0.07932692307692307 0.14423076923076922
6 0.7487980769230769 0.09495192307692307 0.06009615384615385 0.12259615384615384
3 0.8149038461538461 0.5649038461538461 0.07932692307692307 0.13942307692307693
4 0.6923076923076923 0.35336538461538464 0.04807692307692308 0.10576923076923077
3 0.6153846153846154 0.35096153846153844 0.0673076923076923 0.13942307692307693
4 0.6766826923076923 0.10096153846153846 0.04807692307692308 0.10096153846153846
4 0.59375 0.1814903846153846 0.05048076923076923 0.10336538461538461
4 0.5264423076923077 0.2644230769230769 0.04807692307692308 0.10576923076923077
4 0.5324519230769231 0.45072115384615385 0.055288461538461536 0.10817307692307693
4 0.7295673076923077 0.7980769230769231 0.057692307692307696 0.11538461538461539
4 0.5985576923076923 0.5528846153846154 0.052884615384615384 0.11057692307692307
4 0.5348557692307693 0.671875 0.057692307692307696 0.11538461538461539
9 0.3605769230769231 0.32091346153846156 0.06490384615384616 0.1346153846153846
12 0.3317307692307692 0.7716346153846154 0.07211538461538461 0.13942307692307693
12 0.21875 0.07572115384615384 0.055288461538461536 0.1201923076923077
7 0.20432692307692307 0.1346153846153846 0.0625 0.14423076923076922
7 0.13221153846153846 0.6454326923076923 0.07451923076923077 0.14423076923076922
8 0.1658653846153846 0.3918269230769231 0.08173076923076923 0.20192307692307693
10 0.43028846153846156 0.24278846153846154 0.05048076923076923 0.10576923076923077
11 0.28725961538461536 0.2091346153846154 0.07692307692307693 0.17067307692307693
10 0.4338942307692308 0.0829326923076923 0.04807692307692308 0.10096153846153846
10 0.28966346153846156 0.15144230769230768 0.04807692307692308 0.0985576923076923
10 0.26802884615384615 0.328125 0.055288461538461536 0.10576923076923077
10 0.26322115384615385 0.4266826923076923 0.057692307692307696 0.11298076923076923
10 0.23918269230769232 0.65625 0.052884615384615384 0.10336538461538461
10 0.42908653846153844 0.5528846153846154 0.052884615384615384 0.11778846153846154
10 0.4338942307692308 0.7884615384615384 0.0625 0.11298076923076923