6 0.3641826923076923 0.039663461538461536 0.06009615384615385 0.07211538461538461
6 0.1201923076923077 0.7295673076923077 0.08413461538461539 0.15144230769230768
2 0.16706730769230768 0.34375 0.10336538461538461 0.21394230769230768
5 0.3641826923076923 0.25961538461538464 0.07932692307692307 0.18509615384615385
4 0.2848557692307692 0.10096153846153846 0.052884615384615384 0.11298076923076923
4 0.2764423076923077 0.19230769230769232 0.05048076923076923 0.11298076923076923
4 0.25961538461538464 0.3786057692307692 0.057692307692307696 0.11298076923076923
4 0.2548076923076923 0.4891826923076923 0.057692307692307696 0.11298076923076923
4 0.4519230769230769 0.26322115384615385 0.055288461538461536 0.11057692307692307
4 0.4387019230769231 0.037259615384615384 0.05048076923076923 0.06971153846153846
3 0.3641826923076923 0.08653846153846154 0.052884615384615384 0.13942307692307693
3 0.5324519230769231 0.3605769230769231 0.07211538461538461 0.15144230769230768
7 0.7427884615384616 0.7247596153846154 0.07692307692307693 0.14903846153846154
7 0.8365384615384616 0.4495192307692308 0.07692307692307693 0.14903846153846154
12 0.7692307692307693 0.025240384615384616 0.0673076923076923 0.05048076923076923
8 0.8173076923076923 0.31850961538461536 0.0889423076923077 0.21634615384615385
11 0.6153846153846154 0.2536057692307692 0.0889423076923077 0.18028846153846154
9 0.6069711538461539 0.14302884615384615 0.06009615384615385 0.1466346153846154
9 0.8317307692307693 0.5685096153846154 0.08413461538461539 0.15384615384615385
10 0.5348557692307693 0.2644230769230769 0.05048076923076923 0.11298076923076923
10 0.6875 0.026442307692307692 0.052884615384615384 0.052884615384615384
10 0.6887019230769231 0.16466346153846154 0.057692307692307696 0.11778846153846154
10 0.7307692307692307 0.5877403846153846 0.07451923076923077 0.125
10 0.5396634615384616 0.71875 0.07211538461538461 0.125