6 0.38341346153846156 0.06370192307692307 0.06490384615384616 0.11778846153846154
6 0.17307692307692307 0.765625 0.08653846153846154 0.14903846153846154
2 0.20432692307692307 0.3870192307692308 0.10576923076923077 0.2091346153846154
5 0.39302884615384615 0.29927884615384615 0.08413461538461539 0.18028846153846154
4 0.31009615384615385 0.14783653846153846 0.055288461538461536 0.11057692307692307
4 0.30408653846153844 0.23677884615384615 0.052884615384615384 0.11298076923076923
4 0.2956730769230769 0.41947115384615385 0.06009615384615385 0.11057692307692307
4 0.2932692307692308 0.5264423076923077 0.057692307692307696 0.11298076923076923
4 0.47716346153846156 0.3004807692307692 0.057692307692307696 0.10817307692307693
4 0.45552884615384615 0.06009615384615385 0.055288461538461536 0.11057692307692307
3 0.3870192307692308 0.12980769230769232 0.057692307692307696 0.13701923076923078
3 0.5588942307692307 0.3918269230769231 0.07451923076923077 0.14903846153846154
7 0.7764423076923077 0.7379807692307693 0.07932692307692307 0.14903846153846154
7 0.8581730769230769 0.4675480769230769 0.07932692307692307 0.1466346153846154
12 0.7788461538461539 0.040865384615384616 0.07211538461538461 0.08173076923076923
8 0.8341346153846154 0.3401442307692308 0.09375 0.21394230769230768
11 0.6370192307692307 0.2848557692307692 0.09134615384615384 0.1778846153846154
9 0.625 0.1778846153846154 0.06490384615384616 0.14423076923076922
9 0.859375 0.5829326923076923 0.08653846153846154 0.15144230769230768
10 0.5588942307692307 0.2980769230769231 0.052884615384615384 0.11057692307692307
10 0.6971153846153846 0.04326923076923077 0.057692307692307696 0.08653846153846154
10 0.7055288461538461 0.19471153846153846 0.06009615384615385 0.11538461538461539
10 0.7608173076923077 0.6057692307692307 0.07451923076923077 0.12259615384615384
10 0.5793269230769231 0.7403846153846154 0.07211538461538461 0.125