2 0.7680288461538461 0.2512019230769231 0.09615384615384616 0.21875
6 0.8209134615384616 0.49158653846153844 0.08653846153846154 0.1466346153846154
6 0.7151442307692307 0.04807692307692308 0.06490384615384616 0.09615384615384616
3 0.5889423076923077 0.3016826923076923 0.07211538461538461 0.15384615384615385
3 0.6586538461538461 0.6358173076923077 0.08653846153846154 0.16826923076923078
4 0.7752403846153846 0.765625 0.07211538461538461 0.12740384615384615
5 0.515625 0.4014423076923077 0.08173076923076923 0.18990384615384615
4 0.5576923076923077 0.13341346153846154 0.06009615384615385 0.12259615384615384
4 0.6838942307692307 0.30528846153846156 0.057692307692307696 0.11778846153846154
4 0.6141826923076923 0.5168269230769231 0.06490384615384616 0.12259615384615384
4 0.5588942307692307 0.6550480769230769 0.057692307692307696 0.12259615384615384
4 0.49759615384615385 0.23197115384615385 0.06009615384615385 0.11298076923076923
1 0.6298076923076923 0.05048076923076923 0.0625 0.10096153846153846
1 0.3545673076923077 0.5336538461538461 0.07692307692307693 0.16105769230769232
11 0.3112980769230769 0.12139423076923077 0.07932692307692307 0.1875
8 0.13822115384615385 0.40865384615384615 0.10576923076923077 0.22355769230769232
9 0.2439903846153846 0.8064903846153846 0.08413461538461539 0.16826923076923078
12 0.14903846153846154 0.07932692307692307 0.0625 0.11298076923076923
7 0.14423076923076922 0.1346153846153846 0.0673076923076923 0.15384615384615385
7 0.13341346153846154 0.6814903846153846 0.08653846153846154 0.1658653846153846
9 0.33052884615384615 0.3137019230769231 0.07692307692307693 0.15625
10 0.37740384615384615 0.057692307692307696 0.06009615384615385 0.10336538461538461
10 0.3918269230769231 0.21875 0.057692307692307696 0.12259615384615384
10 0.23557692307692307 0.1466346153846154 0.06009615384615385 0.11778846153846154
10 0.23317307692307693 0.328125 0.06009615384615385 0.11298076923076923
10 0.24158653846153846 0.4362980769230769 0.0673076923076923 0.12740384615384615
10 0.24759615384615385 0.6754807692307693 0.06490384615384616 0.12259615384615384