2 0.21995192307692307 0.3233173076923077 0.09375 0.21153846153846154
6 0.20072115384615385 0.5637019230769231 0.08173076923076923 0.14182692307692307
6 0.23918269230769232 0.10096153846153846 0.06490384615384616 0.13221153846153846
3 0.39903846153846156 0.34975961538461536 0.06971153846153846 0.14903846153846154
3 0.37740384615384615 0.6802884615384616 0.08413461538461539 0.16105769230769232
4 0.2824519230769231 0.8197115384615384 0.06971153846153846 0.12259615384615384
5 0.4831730769230769 0.43509615384615385 0.08173076923076923 0.18509615384615385
4 0.40625 0.18269230769230768 0.06009615384615385 0.1201923076923077
4 0.3088942307692308 0.36538461538461536 0.057692307692307696 0.11538461538461539
4 0.40384615384615385 0.5600961538461539 0.0625 0.11778846153846154
4 0.47596153846153844 0.6850961538461539 0.055288461538461536 0.11778846153846154
4 0.47716346153846156 0.2692307692307692 0.057692307692307696 0.11057692307692307
1 0.3233173076923077 0.0889423076923077 0.06490384615384616 0.14423076923076922
1 0.6574519230769231 0.5396634615384616 0.07451923076923077 0.15625
11 0.6418269230769231 0.13701923076923078 0.07692307692307693 0.18269230769230768
8 0.8485576923076923 0.390625 0.10336538461538461 0.21634615384615385
9 0.7992788461538461 0.7884615384615384 0.08173076923076923 0.16346153846153846
12 0.7908653846153846 0.06490384615384616 0.0625 0.12980769230769232
7 0.8052884615384616 0.12740384615384615 0.06490384615384616 0.15144230769230768
7 0.890625 0.6526442307692307 0.08413461538461539 0.15865384615384615
9 0.6502403846153846 0.32572115384615385 0.07692307692307693 0.15144230769230768
10 0.5697115384615384 0.078125 0.06009615384615385 0.11538461538461539
10 0.5769230769230769 0.24158653846153846 0.057692307692307696 0.11778846153846154
10 0.71875 0.15144230769230768 0.057692307692307696 0.11298076923076923
10 0.7451923076923077 0.32572115384615385 0.057692307692307696 0.11057692307692307
10 0.7524038461538461 0.43028846153846156 0.06490384615384616 0.12259615384615384
10 0.7788461538461539 0.6622596153846154 0.06490384615384616 0.1201923076923077