1 0.6310096153846154 0.16466346153846154 0.06971153846153846 0.14903846153846154
2 0.7908653846153846 0.31850961538461536 0.10336538461538461 0.21634615384615385
6 0.5408653846153846 0.24519230769230768 0.07451923076923077 0.12980769230769232
3 0.46033653846153844 0.24278846153846154 0.07692307692307693 0.13942307692307693
3 0.41586538461538464 0.7764423076923077 0.09375 0.16826923076923078
4 0.7211538461538461 0.8040865384615384 0.07692307692307693 0.13942307692307693
6 0.6069711538461539 0.08413461538461539 0.07211538461538461 0.1346153846153846
4 0.6983173076923077 0.35697115384615385 0.0673076923076923 0.11778846153846154
4 0.5288461538461539 0.671875 0.0673076923076923 0.12740384615384615
4 0.6057692307692307 0.546875 0.07211538461538461 0.12740384615384615
4 0.5216346153846154 0.16826923076923078 0.06009615384615385 0.11538461538461539
4 0.4483173076923077 0.16826923076923078 0.057692307692307696 0.1201923076923077
8 0.17067307692307693 0.3798076923076923 0.10096153846153846 0.21634615384615385
11 0.3786057692307692 0.12860576923076922 0.07692307692307693 0.18269230769230768
9 0.21033653846153846 0.7680288461538461 0.09615384615384616 0.16826923076923078
12 0.23317307692307693 0.06129807692307692 0.07211538461538461 0.12259615384615384
7 0.21754807692307693 0.1201923076923077 0.07211538461538461 0.15384615384615385
7 0.3641826923076923 0.41466346153846156 0.07451923076923077 0.15144230769230768
10 0.45072115384615385 0.07572115384615384 0.06009615384615385 0.11538461538461539
10 0.30288461538461536 0.14423076923076922 0.0625 0.11298076923076923
10 0.27403846153846156 0.31850961538461536 0.06490384615384616 0.11778846153846154
10 0.265625 0.4182692307692308 0.0673076923076923 0.125
10 0.34975961538461536 0.5492788461538461 0.0673076923076923 0.125