1 0.6298076923076923 0.14423076923076922 0.06971153846153846 0.15384615384615385
2 0.7956730769230769 0.29927884615384615 0.10336538461538461 0.22115384615384615
6 0.5372596153846154 0.2283653846153846 0.07451923076923077 0.13221153846153846
3 0.45552884615384615 0.22716346153846154 0.07451923076923077 0.14182692307692307
3 0.41947115384615385 0.7776442307692307 0.09375 0.17067307692307693
4 0.7331730769230769 0.8004807692307693 0.07692307692307693 0.14182692307692307
6 0.6021634615384616 0.0673076923076923 0.06971153846153846 0.12740384615384615
4 0.703125 0.3389423076923077 0.0673076923076923 0.1201923076923077
4 0.5324519230769231 0.6670673076923077 0.0673076923076923 0.12980769230769232
4 0.609375 0.5372596153846154 0.07211538461538461 0.13221153846153846
4 0.5168269230769231 0.14783653846153846 0.06009615384615385 0.11778846153846154
4 0.4411057692307692 0.1502403846153846 0.055288461538461536 0.12259615384615384
8 0.15865384615384615 0.37259615384615385 0.10096153846153846 0.22115384615384615
11 0.36658653846153844 0.11057692307692307 0.07692307692307693 0.18990384615384615
9 0.20552884615384615 0.7716346153846154 0.09615384615384616 0.17067307692307693
12 0.21754807692307693 0.054086538461538464 0.06971153846153846 0.10817307692307693
7 0.20072115384615385 0.10576923076923077 0.07211538461538461 0.15865384615384615
7 0.35697115384615385 0.40625 0.07451923076923077 0.15384615384615385
10 0.4411057692307692 0.056490384615384616 0.06009615384615385 0.11298076923076923
10 0.28966346153846156 0.12740384615384615 0.0625 0.11538461538461539
10 0.2644230769230769 0.3076923076923077 0.06490384615384616 0.12259615384615384
10 0.25721153846153844 0.4110576923076923 0.06971153846153846 0.12740384615384615
10 0.34615384615384615 0.5456730769230769 0.06971153846153846 0.12980769230769232