1 0.640625 0.16346153846153846 0.07451923076923077 0.15384615384615385
2 0.8004807692307693 0.32211538461538464 0.11057692307692307 0.22355769230769232
6 0.546875 0.24278846153846154 0.07932692307692307 0.1346153846153846
3 0.46634615384615385 0.23918269230769232 0.07932692307692307 0.14182692307692307
3 0.4098557692307692 0.7824519230769231 0.09615384615384616 0.17067307692307693
4 0.7199519230769231 0.8173076923076923 0.08173076923076923 0.14423076923076922
6 0.6177884615384616 0.08052884615384616 0.07692307692307693 0.13701923076923078
4 0.7055288461538461 0.359375 0.06971153846153846 0.1201923076923077
4 0.5276442307692307 0.6778846153846154 0.06971153846153846 0.12980769230769232
4 0.6081730769230769 0.5528846153846154 0.07692307692307693 0.12980769230769232
4 0.5288461538461539 0.16346153846153846 0.0625 0.11778846153846154
4 0.4543269230769231 0.16346153846153846 0.06009615384615385 0.12259615384615384
8 0.16706730769230768 0.37259615384615385 0.10817307692307693 0.22355769230769232
11 0.38221153846153844 0.12139423076923077 0.08173076923076923 0.1875
9 0.19951923076923078 0.7692307692307693 0.10096153846153846 0.17307692307692307
12 0.23677884615384615 0.056490384615384616 0.07451923076923077 0.11298076923076923
7 0.21875 0.11057692307692307 0.07451923076923077 0.15625
7 0.3629807692307692 0.41346153846153844 0.07692307692307693 0.15384615384615385
10 0.4567307692307692 0.06850961538461539 0.0625 0.11778846153846154
10 0.30528846153846156 0.1346153846153846 0.06490384615384616 0.11538461538461539
10 0.27283653846153844 0.3125 0.0673076923076923 0.12259615384615384
10 0.2620192307692308 0.41346153846153844 0.07211538461538461 0.12740384615384615
10 0.34615384615384615 0.5504807692307693 0.07211538461538461 0.12980769230769232