5 0.23076923076923078 0.27283653846153844 0.08173076923076923 0.16346153846153846
2 0.22115384615384615 0.3473557692307692 0.08653846153846154 0.19471153846153846
1 0.18990384615384615 0.4723557692307692 0.0673076923076923 0.13701923076923078
1 0.2668269230769231 0.18990384615384615 0.057692307692307696 0.13221153846153846
3 0.2824519230769231 0.11538461538461539 0.0673076923076923 0.11778846153846154
3 0.16346153846153846 0.5925480769230769 0.08173076923076923 0.12740384615384615
6 0.28846153846153844 0.04807692307692308 0.052884615384615384 0.09615384615384616
6 0.14182692307692307 0.7163461538461539 0.07692307692307693 0.13221153846153846
4 0.24278846153846154 0.7247596153846154 0.06009615384615385 0.10576923076923077
4 0.26802884615384615 0.6021634615384616 0.057692307692307696 0.10576923076923077
4 0.28966346153846156 0.4951923076923077 0.05048076923076923 0.10096153846153846
4 0.3088942307692308 0.390625 0.052884615384615384 0.10336538461538461
4 0.3293269230769231 0.2932692307692308 0.052884615384615384 0.0985576923076923
4 0.34375 0.21033653846153846 0.04807692307692308 0.10096153846153846
4 0.3605769230769231 0.12860576923076922 0.04807692307692308 0.09375
4 0.3701923076923077 0.046875 0.04807692307692308 0.09375
11 0.8341346153846154 0.296875 0.07451923076923077 0.17307692307692307
8 0.84375 0.3858173076923077 0.07932692307692307 0.19951923076923078
7 0.8377403846153846 0.22235576923076922 0.057692307692307696 0.13701923076923078
7 0.8497596153846154 0.5132211538461539 0.06490384615384616 0.13701923076923078
9 0.8245192307692307 0.140625 0.06009615384615385 0.13221153846153846
9 0.8353365384615384 0.6286057692307693 0.07692307692307693 0.1466346153846154
12 0.8497596153846154 0.7776442307692307 0.07211538461538461 0.13942307692307693
12 0.8305288461538461 0.06971153846153846 0.052884615384615384 0.0985576923076923
10 0.7536057692307693 0.06490384615384616 0.04807692307692308 0.0985576923076923
10 0.7487980769230769 0.14783653846153846 0.05048076923076923 0.09375
10 0.7451923076923077 0.23677884615384615 0.04807692307692308 0.10336538461538461
10 0.7451923076923077 0.32211538461538464 0.055288461538461536 0.10336538461538461
10 0.7367788461538461 0.4254807692307692 0.055288461538461536 0.10336538461538461
10 0.7439903846153846 0.5324519230769231 0.0625 0.10817307692307693
10 0.7355769230769231 0.6358173076923077 0.06009615384615385 0.11057692307692307
10 0.7379807692307693 0.7620192307692307 0.06490384615384616 0.11057692307692307