5 0.20192307692307693 0.27884615384615385 0.08173076923076923 0.17067307692307693
2 0.20192307692307693 0.35697115384615385 0.08653846153846154 0.20192307692307693
1 0.18509615384615385 0.49158653846153844 0.0673076923076923 0.14182692307692307
1 0.2283653846153846 0.1875 0.057692307692307696 0.13701923076923078
3 0.23557692307692307 0.10817307692307693 0.06971153846153846 0.1201923076923077
3 0.17307692307692307 0.6177884615384616 0.08413461538461539 0.13221153846153846
6 0.23317307692307693 0.04927884615384615 0.052884615384615384 0.07451923076923077
6 0.1658653846153846 0.75 0.07932692307692307 0.13701923076923078
4 0.27283653846153844 0.7451923076923077 0.06009615384615385 0.11057692307692307
4 0.2824519230769231 0.6153846153846154 0.057692307692307696 0.11057692307692307
4 0.29086538461538464 0.5012019230769231 0.05048076923076923 0.10336538461538461
4 0.2980769230769231 0.390625 0.052884615384615384 0.10576923076923077
4 0.30649038461538464 0.28725961538461536 0.052884615384615384 0.10096153846153846
4 0.3125 0.19951923076923078 0.04807692307692308 0.10336538461538461
4 0.31850961538461536 0.11298076923076923 0.05048076923076923 0.09615384615384616
4 0.32091346153846156 0.040865384615384616 0.04326923076923077 0.0673076923076923
11 0.8317307692307693 0.22716346153846154 0.07451923076923077 0.18028846153846154
8 0.8509615384615384 0.3173076923076923 0.07932692307692307 0.20673076923076922
7 0.8245192307692307 0.14903846153846154 0.06009615384615385 0.14182692307692307
7 0.8737980769230769 0.4495192307692308 0.06490384615384616 0.14182692307692307
9 0.7992788461538461 0.0673076923076923 0.06009615384615385 0.1346153846153846
9 0.875 0.5709134615384616 0.07692307692307693 0.15384615384615385
12 0.9074519230769231 0.7235576923076923 0.07451923076923077 0.14423076923076922
12 0.7980769230769231 0.020432692307692308 0.052884615384615384 0.040865384615384616
10 0.7163461538461539 0.02403846153846154 0.04326923076923077 0.04807692307692308
10 0.7223557692307693 0.0829326923076923 0.05048076923076923 0.09615384615384616
10 0.7307692307692307 0.17548076923076922 0.05048076923076923 0.10576923076923077
10 0.7415865384615384 0.26322115384615385 0.057692307692307696 0.10817307692307693
10 0.7463942307692307 0.37259615384615385 0.055288461538461536 0.10817307692307693
10 0.7668269230769231 0.48197115384615385 0.0625 0.11298076923076923
10 0.7704326923076923 0.5901442307692307 0.06009615384615385 0.11538461538461539
10 0.7908653846153846 0.7223557692307693 0.06490384615384616 0.11298076923076923