6 0.1310096153846154 0.734375 0.08653846153846154 0.16105769230769232
4 0.4987980769230769 0.06129807692307692 0.06009615384615385 0.11298076923076923
2 0.20432692307692307 0.36538461538461536 0.0985576923076923 0.21875
5 0.40625 0.2956730769230769 0.07932692307692307 0.1875
4 0.29447115384615385 0.4074519230769231 0.06490384615384616 0.10576923076923077
4 0.3293269230769231 0.2283653846153846 0.0625 0.10576923076923077
4 0.3449519230769231 0.140625 0.055288461538461536 0.11057692307692307
4 0.48677884615384615 0.3112980769230769 0.052884615384615384 0.11298076923076923
4 0.3641826923076923 0.5240384615384616 0.06490384615384616 0.1201923076923077
3 0.5625 0.41225961538461536 0.07932692307692307 0.14903846153846154
7 0.5480769230769231 0.6237980769230769 0.07692307692307693 0.15384615384615385
11 0.6502403846153846 0.3076923076923077 0.07932692307692307 0.1971153846153846
9 0.5060096153846154 0.14182692307692307 0.0673076923076923 0.15384615384615385
9 0.8329326923076923 0.640625 0.0889423076923077 0.15625
8 0.8413461538461539 0.3942307692307692 0.09134615384615384 0.21153846153846154
12 0.8221153846153846 0.07572115384615384 0.07211538461538461 0.1201923076923077
12 0.7331730769230769 0.7776442307692307 0.08653846153846154 0.14903846153846154
10 0.7331730769230769 0.6478365384615384 0.0673076923076923 0.12259615384615384
10 0.5685096153846154 0.31490384615384615 0.06009615384615385 0.11538461538461539
10 0.7403846153846154 0.06971153846153846 0.055288461538461536 0.11298076923076923
10 0.7295673076923077 0.2403846153846154 0.06009615384615385 0.10576923076923077
10 0.5324519230769231 0.7596153846153846 0.07211538461538461 0.12740384615384615