5 0.19230769230769232 0.24158653846153846 0.06971153846153846 0.15384615384615385
2 0.18629807692307693 0.3269230769230769 0.09134615384615384 0.1971153846153846
1 0.2247596153846154 0.16466346153846154 0.06009615384615385 0.13701923076923078
1 0.16947115384615385 0.4651442307692308 0.0673076923076923 0.13701923076923078
6 0.2439903846153846 0.078125 0.0625 0.125
6 0.140625 0.5829326923076923 0.07932692307692307 0.14182692307692307
6 0.25 0.03245192307692308 0.052884615384615384 0.06490384615384616
6 0.12259615384615384 0.7151442307692307 0.08413461538461539 0.13942307692307693
4 0.33774038461538464 0.028846153846153848 0.04567307692307692 0.057692307692307696
4 0.33052884615384615 0.09254807692307693 0.04807692307692308 0.10096153846153846
4 0.3161057692307692 0.17908653846153846 0.05048076923076923 0.10336538461538461
4 0.30288461538461536 0.2620192307692308 0.052884615384615384 0.11538461538461539
4 0.28365384615384615 0.3629807692307692 0.04807692307692308 0.11057692307692307
4 0.26802884615384615 0.4723557692307692 0.05048076923076923 0.11538461538461539
4 0.24879807692307693 0.5901442307692307 0.055288461538461536 0.11298076923076923
4 0.22956730769230768 0.7175480769230769 0.06009615384615385 0.125
11 0.8329326923076923 0.2548076923076923 0.07451923076923077 0.1778846153846154
8 0.8449519230769231 0.3449519230769231 0.07932692307692307 0.20673076923076922
7 0.8317307692307693 0.17307692307692307 0.06009615384615385 0.13942307692307693
7 0.8557692307692307 0.47475961538461536 0.06971153846153846 0.14903846153846154
9 0.8257211538461539 0.09375 0.0625 0.12740384615384615
9 0.8557692307692307 0.6177884615384616 0.07692307692307693 0.1466346153846154
12 0.8641826923076923 0.7524038461538461 0.07692307692307693 0.15384615384615385
12 0.8197115384615384 0.039663461538461536 0.055288461538461536 0.06009615384615385
10 0.7415865384615384 0.03485576923076923 0.052884615384615384 0.055288461538461536
10 0.7391826923076923 0.10096153846153846 0.052884615384615384 0.0985576923076923
10 0.7367788461538461 0.19230769230769232 0.052884615384615384 0.10576923076923077
10 0.7403846153846154 0.2824519230769231 0.06490384615384616 0.10817307692307693
10 0.7379807692307693 0.3918269230769231 0.06490384615384616 0.11298076923076923
10 0.7463942307692307 0.5 0.06490384615384616 0.10336538461538461
10 0.7427884615384616 0.609375 0.06971153846153846 0.11298076923076923
10 0.75 0.7403846153846154 0.06971153846153846 0.11298076923076923