5 0.23076923076923078 0.2536057692307692 0.07451923076923077 0.15144230769230768
2 0.21875 0.33533653846153844 0.0985576923076923 0.19230769230769232
1 0.265625 0.18389423076923078 0.06490384615384616 0.13221153846153846
1 0.1935096153846154 0.4651442307692308 0.07211538461538461 0.13221153846153846
6 0.29086538461538464 0.10336538461538461 0.0673076923076923 0.1201923076923077
6 0.15865384615384615 0.5745192307692307 0.08653846153846154 0.13942307692307693
6 0.29927884615384615 0.046875 0.06009615384615385 0.09375
6 0.13341346153846154 0.6983173076923077 0.0889423076923077 0.13701923076923078
4 0.38461538461538464 0.046875 0.052884615384615384 0.09375
4 0.3701923076923077 0.12259615384615384 0.052884615384615384 0.0985576923076923
4 0.35216346153846156 0.20432692307692307 0.055288461538461536 0.10096153846153846
4 0.3329326923076923 0.28125 0.057692307692307696 0.11057692307692307
4 0.3088942307692308 0.3762019230769231 0.052884615384615384 0.10817307692307693
4 0.2860576923076923 0.47836538461538464 0.055288461538461536 0.11298076923076923
4 0.25961538461538464 0.5889423076923077 0.057692307692307696 0.11057692307692307
4 0.234375 0.7091346153846154 0.06490384615384616 0.12259615384615384
11 0.8353365384615384 0.3088942307692308 0.08173076923076923 0.17307692307692307
8 0.8401442307692307 0.3954326923076923 0.0889423076923077 0.19951923076923078
7 0.8389423076923077 0.23197115384615385 0.0673076923076923 0.1346153846153846
7 0.8425480769230769 0.5204326923076923 0.07451923076923077 0.14423076923076922
9 0.8389423076923077 0.15745192307692307 0.0673076923076923 0.125
9 0.8317307692307693 0.65625 0.08173076923076923 0.14423076923076922
12 0.8317307692307693 0.7824519230769231 0.08413461538461539 0.14903846153846154
12 0.8389423076923077 0.08413461538461539 0.0625 0.10576923076923077
10 0.7644230769230769 0.07572115384615384 0.055288461538461536 0.09375
10 0.7560096153846154 0.15745192307692307 0.057692307692307696 0.09615384615384616
10 0.7475961538461539 0.24278846153846154 0.057692307692307696 0.10096153846153846
10 0.7463942307692307 0.33052884615384615 0.0673076923076923 0.10576923076923077
10 0.7367788461538461 0.4326923076923077 0.0673076923076923 0.11057692307692307
10 0.7367788461538461 0.5360576923076923 0.06971153846153846 0.10096153846153846
10 0.7271634615384616 0.6394230769230769 0.07451923076923077 0.11298076923076923
10 0.7247596153846154 0.7644230769230769 0.07211538461538461 0.11057692307692307