10 0.3088942307692308 0.15264423076923078 0.052884615384615384 0.0985576923076923
4 0.7103365384615384 0.3762019230769231 0.055288461538461536 0.10576923076923077
2 0.8064903846153846 0.33774038461538464 0.09615384615384616 0.21875
4 0.5444711538461539 0.27163461538461536 0.052884615384615384 0.09615384615384616
10 0.3125 0.08173076923076923 0.0673076923076923 0.11298076923076923
4 0.6177884615384616 0.19230769230769232 0.06009615384615385 0.10576923076923077
1 0.7848557692307693 0.1935096153846154 0.06971153846153846 0.13701923076923078
11 0.3076923076923077 0.19591346153846154 0.08653846153846154 0.13942307692307693
10 0.29086538461538464 0.31850961538461536 0.07211538461538461 0.13221153846153846
4 0.7103365384615384 0.1201923076923077 0.052884615384615384 0.09615384615384616
10 0.44591346153846156 0.24879807692307693 0.057692307692307696 0.11298076923076923
8 0.16706730769230768 0.3870192307692308 0.09134615384615384 0.19230769230769232
7 0.22115384615384615 0.140625 0.08413461538461539 0.16105769230769232
3 0.5384615384615384 0.35697115384615385 0.07692307692307693 0.1346153846153846
12 0.23317307692307693 0.078125 0.08173076923076923 0.15625
10 0.4338942307692308 0.5685096153846154 0.07211538461538461 0.1201923076923077
3 0.6274038461538461 0.35336538461538464 0.07451923076923077 0.14903846153846154
5 0.7283653846153846 0.4639423076923077 0.09134615384615384 0.1658653846153846
4 0.5396634615384616 0.6826923076923077 0.06971153846153846 0.11298076923076923
10 0.23076923076923078 0.6586538461538461 0.06490384615384616 0.11298076923076923
6 0.7764423076923077 0.1141826923076923 0.06490384615384616 0.10817307692307693
4 0.6033653846153846 0.5721153846153846 0.0673076923076923 0.125
6 0.8341346153846154 0.8401442307692307 0.0889423076923077 0.15384615384615385
7 0.11538461538461539 0.6394230769230769 0.08653846153846154 0.15144230769230768
3 0.8233173076923077 0.5901442307692307 0.09615384615384616 0.1346153846153846
9 0.14903846153846154 0.5252403846153846 0.0889423076923077 0.15865384615384615
9 0.3701923076923077 0.32211538461538464 0.07692307692307693 0.15144230769230768
10 0.2692307692307692 0.4170673076923077 0.07692307692307693 0.13701923076923078
4 0.5408653846153846 0.47115384615384615 0.0673076923076923 0.1201923076923077
10 0.41466346153846156 0.7980769230769231 0.07692307692307693 0.12740384615384615
12 0.32091346153846156 0.7872596153846154 0.08653846153846154 0.15625
4 0.7295673076923077 0.8269230769230769 0.0673076923076923 0.12259615384615384