2 0.7836538461538461 0.2980769230769231 0.08173076923076923 0.20192307692307693
5 0.7079326923076923 0.4230769230769231 0.07692307692307693 0.1875
6 0.8413461538461539 0.8028846153846154 0.08653846153846154 0.14182692307692307
6 0.75 0.07572115384615384 0.0625 0.125
1 0.3449519230769231 0.5360576923076923 0.07211538461538461 0.15144230769230768
1 0.6646634615384616 0.0733173076923077 0.057692307692307696 0.13701923076923078
3 0.609375 0.3389423076923077 0.06490384615384616 0.14903846153846154
3 0.6394230769230769 0.6706730769230769 0.07451923076923077 0.14182692307692307
4 0.59375 0.5492788461538461 0.06490384615384616 0.1201923076923077
4 0.7307692307692307 0.8016826923076923 0.0673076923076923 0.11778846153846154
4 0.6887019230769231 0.3449519230769231 0.05048076923076923 0.11298076923076923
4 0.5853365384615384 0.16706730769230768 0.04807692307692308 0.11298076923076923
4 0.515625 0.07451923076923077 0.052884615384615384 0.11057692307692307
4 0.5180288461538461 0.2536057692307692 0.052884615384615384 0.11538461538461539
4 0.3449519230769231 0.4423076923076923 0.052884615384615384 0.11057692307692307
4 0.5324519230769231 0.6706730769230769 0.055288461538461536 0.1201923076923077
12 0.19471153846153846 0.0625 0.057692307692307696 0.12259615384615384
12 0.3233173076923077 0.78125 0.07211538461538461 0.15144230769230768
11 0.2704326923076923 0.20192307692307693 0.07692307692307693 0.17548076923076922
8 0.1466346153846154 0.3894230769230769 0.08173076923076923 0.20192307692307693
7 0.1814903846153846 0.12620192307692307 0.0625 0.14423076923076922
7 0.11778846153846154 0.6550480769230769 0.07692307692307693 0.1466346153846154
9 0.14302884615384615 0.5348557692307693 0.08173076923076923 0.14182692307692307
9 0.34615384615384615 0.31490384615384615 0.0625 0.13701923076923078
10 0.4182692307692308 0.23076923076923078 0.055288461538461536 0.11538461538461539
10 0.4170673076923077 0.06490384615384616 0.052884615384615384 0.11057692307692307
10 0.2704326923076923 0.14423076923076922 0.052884615384615384 0.10336538461538461
10 0.25240384615384615 0.3245192307692308 0.055288461538461536 0.11298076923076923
10 0.2247596153846154 0.6634615384615384 0.0625 0.1201923076923077
10 0.24639423076923078 0.42427884615384615 0.06009615384615385 0.11778846153846154
10 0.4206730769230769 0.5564903846153846 0.052884615384615384 0.11778846153846154
10 0.4266826923076923 0.7992788461538461 0.06490384615384616 0.12259615384615384