6 0.7716346153846154 0.09375 0.0673076923076923 0.12980769230769232
6 0.828125 0.8221153846153846 0.0889423076923077 0.1466346153846154
2 0.7932692307692307 0.31850961538461536 0.09134615384615384 0.20673076923076922
5 0.71875 0.4266826923076923 0.08173076923076923 0.17548076923076922
4 0.6983173076923077 0.3557692307692308 0.05048076923076923 0.11057692307692307
4 0.7211538461538461 0.8112980769230769 0.0673076923076923 0.11778846153846154
3 0.8173076923076923 0.5757211538461539 0.08653846153846154 0.1346153846153846
3 0.6213942307692307 0.3449519230769231 0.06971153846153846 0.1466346153846154
1 0.6899038461538461 0.0829326923076923 0.0625 0.14182692307692307
1 0.5264423076923077 0.3293269230769231 0.07451923076923077 0.14903846153846154
4 0.5408653846153846 0.07932692307692307 0.052884615384615384 0.10576923076923077
4 0.6045673076923077 0.17427884615384615 0.052884615384615384 0.10817307692307693
4 0.5324519230769231 0.2608173076923077 0.057692307692307696 0.11298076923076923
4 0.5348557692307693 0.44471153846153844 0.055288461538461536 0.11057692307692307
4 0.59375 0.5552884615384616 0.06009615384615385 0.11778846153846154
4 0.5252403846153846 0.6742788461538461 0.0673076923076923 0.12259615384615384
9 0.3581730769230769 0.31009615384615385 0.07451923076923077 0.14423076923076922
9 0.14302884615384615 0.5144230769230769 0.0889423076923077 0.14182692307692307
8 0.15985576923076922 0.375 0.09134615384615384 0.20432692307692307
7 0.1141826923076923 0.6358173076923077 0.08173076923076923 0.14903846153846154
7 0.20552884615384615 0.11298076923076923 0.06971153846153846 0.14423076923076922
12 0.22235576923076922 0.05889423076923077 0.06009615384615385 0.11778846153846154
12 0.3137019230769231 0.7716346153846154 0.08173076923076923 0.14903846153846154
10 0.21995192307692307 0.6490384615384616 0.06490384615384616 0.11778846153846154
10 0.25600961538461536 0.41346153846153844 0.06490384615384616 0.10817307692307693
10 0.265625 0.31490384615384615 0.06009615384615385 0.10817307692307693
11 0.28966346153846156 0.1935096153846154 0.08653846153846154 0.17548076923076922
10 0.2956730769230769 0.13341346153846154 0.05048076923076923 0.0985576923076923
10 0.44471153846153844 0.06850961538461539 0.055288461538461536 0.10576923076923077
10 0.4326923076923077 0.2283653846153846 0.055288461538461536 0.11057692307692307
10 0.4182692307692308 0.5540865384615384 0.0625 0.11538461538461539
10 0.4170673076923077 0.7908653846153846 0.06971153846153846 0.12259615384615384