6 0.27524038461538464 0.078125 0.057692307692307696 0.12980769230769232
6 0.15264423076923078 0.8173076923076923 0.07932692307692307 0.14423076923076922
2 0.23317307692307693 0.30408653846153844 0.07692307692307693 0.20673076923076922
5 0.3004807692307692 0.421875 0.06971153846153846 0.17548076923076922
4 0.328125 0.35216346153846156 0.04326923076923077 0.11057692307692307
4 0.2644230769230769 0.8161057692307693 0.057692307692307696 0.11538461538461539
3 0.18629807692307693 0.5661057692307693 0.07692307692307693 0.1346153846153846
3 0.40865384615384615 0.3485576923076923 0.057692307692307696 0.1466346153846154
1 0.359375 0.0733173076923077 0.052884615384615384 0.14423076923076922
1 0.5048076923076923 0.34134615384615385 0.06490384615384616 0.1466346153846154
4 0.5144230769230769 0.08173076923076923 0.04326923076923077 0.10576923076923077
4 0.43990384615384615 0.17307692307692307 0.04567307692307692 0.10817307692307693
4 0.5060096153846154 0.2692307692307692 0.04807692307692308 0.11057692307692307
4 0.48677884615384615 0.4579326923076923 0.04807692307692308 0.11057692307692307
4 0.4170673076923077 0.5661057692307693 0.05048076923076923 0.11778846153846154
4 0.47596153846153844 0.6935096153846154 0.057692307692307696 0.12259615384615384
9 0.6802884615384616 0.33533653846153844 0.0625 0.14423076923076922
9 0.8822115384615384 0.5649038461538461 0.08173076923076923 0.13942307692307693
8 0.8774038461538461 0.41947115384615385 0.07692307692307693 0.20432692307692307
7 0.9002403846153846 0.6923076923076923 0.07211538461538461 0.1466346153846154
7 0.8533653846153846 0.14783653846153846 0.06009615384615385 0.14423076923076922
12 0.8425480769230769 0.08413461538461539 0.05048076923076923 0.12980769230769232
12 0.6850961538461539 0.8125 0.07211538461538461 0.1466346153846154
10 0.7908653846153846 0.6947115384615384 0.057692307692307696 0.11778846153846154
10 0.7764423076923077 0.45072115384615385 0.057692307692307696 0.10576923076923077
10 0.7740384615384616 0.3485576923076923 0.052884615384615384 0.10576923076923077
11 0.7620192307692307 0.22235576923076922 0.07451923076923077 0.17307692307692307
10 0.7608173076923077 0.16105769230769232 0.04326923076923077 0.10096153846153846
10 0.6141826923076923 0.08052884615384616 0.04807692307692308 0.10576923076923077
10 0.6105769230769231 0.24639423076923078 0.04807692307692308 0.10817307692307693
10 0.5961538461538461 0.5793269230769231 0.055288461538461536 0.11538461538461539
10 0.578125 0.8221153846153846 0.06009615384615385 0.1201923076923077