2 0.75 0.2776442307692308 0.09615384615384616 0.2091346153846154
3 0.5805288461538461 0.3317307692307692 0.0673076923076923 0.14903846153846154
3 0.4639423076923077 0.7836538461538461 0.07932692307692307 0.1658653846153846
6 0.5324519230769231 0.07451923076923077 0.0673076923076923 0.13221153846153846
6 0.5168269230769231 0.4326923076923077 0.07211538461538461 0.14423076923076922
4 0.765625 0.7596153846153846 0.07211538461538461 0.12980769230769232
4 0.6682692307692307 0.3269230769230769 0.0625 0.11298076923076923
4 0.6117788461538461 0.5300480769230769 0.06009615384615385 0.1201923076923077
4 0.5564903846153846 0.6586538461538461 0.0673076923076923 0.11778846153846154
4 0.4951923076923077 0.2644230769230769 0.0625 0.10817307692307693
4 0.46274038461538464 0.17427884615384615 0.06009615384615385 0.11298076923076923
1 0.5673076923076923 0.15144230769230768 0.06490384615384616 0.15384615384615385
1 0.3581730769230769 0.5504807692307693 0.08173076923076923 0.15384615384615385
11 0.3173076923076923 0.1622596153846154 0.07211538461538461 0.18028846153846154
9 0.2644230769230769 0.8100961538461539 0.08653846153846154 0.16826923076923078
9 0.33533653846153844 0.33774038461538464 0.07211538461538461 0.13942307692307693
7 0.35096153846153844 0.44350961538461536 0.0673076923076923 0.14182692307692307
7 0.15625 0.17908653846153846 0.08173076923076923 0.14903846153846154
12 0.1622596153846154 0.1201923076923077 0.0673076923076923 0.125
8 0.15745192307692307 0.43509615384615385 0.09615384615384616 0.2091346153846154
10 0.375 0.09615384615384616 0.06009615384615385 0.11298076923076923
10 0.24759615384615385 0.1875 0.06009615384615385 0.10817307692307693
10 0.24759615384615385 0.359375 0.057692307692307696 0.10576923076923077
10 0.2548076923076923 0.4567307692307692 0.0625 0.11538461538461539
10 0.265625 0.6887019230769231 0.06971153846153846 0.1201923076923077