1 0.7127403846153846 0.6225961538461539 0.07932692307692307 0.14182692307692307
2 0.7848557692307693 0.36538461538461536 0.0889423076923077 0.21153846153846154
5 0.5889423076923077 0.296875 0.06971153846153846 0.18509615384615385
6 0.8497596153846154 0.7391826923076923 0.0889423076923077 0.14182692307692307
6 0.5697115384615384 0.06370192307692307 0.052884615384615384 0.12259615384615384
4 0.6502403846153846 0.140625 0.05048076923076923 0.11057692307692307
4 0.6646634615384616 0.2247596153846154 0.055288461538461536 0.10817307692307693
4 0.6959134615384616 0.4050480769230769 0.06009615384615385 0.11298076923076923
4 0.7067307692307693 0.5120192307692307 0.057692307692307696 0.11298076923076923
4 0.6466346153846154 0.7548076923076923 0.0625 0.12259615384615384
4 0.4963942307692308 0.0673076923076923 0.05048076923076923 0.11298076923076923
4 0.5072115384615384 0.3076923076923077 0.052884615384615384 0.10817307692307693
3 0.5733173076923077 0.1346153846153846 0.057692307692307696 0.14182692307692307
3 0.43149038461538464 0.4074519230769231 0.06490384615384616 0.14903846153846154
11 0.3473557692307692 0.30649038461538464 0.07451923076923077 0.1778846153846154
12 0.2512019230769231 0.7668269230769231 0.07451923076923077 0.13701923076923078
12 0.17668269230769232 0.0673076923076923 0.06490384615384616 0.11298076923076923
8 0.15144230769230768 0.38341346153846156 0.08173076923076923 0.20192307692307693
7 0.14302884615384615 0.5120192307692307 0.06971153846153846 0.14182692307692307
9 0.3449519230769231 0.19951923076923078 0.06009615384615385 0.1346153846153846
9 0.15264423076923078 0.6310096153846154 0.08173076923076923 0.14903846153846154
10 0.421875 0.31009615384615385 0.055288461538461536 0.11057692307692307
10 0.25841346153846156 0.0673076923076923 0.055288461538461536 0.10817307692307693
10 0.2668269230769231 0.23076923076923078 0.055288461538461536 0.10817307692307693
10 0.25961538461538464 0.4266826923076923 0.06490384615384616 0.10817307692307693
10 0.25240384615384615 0.5336538461538461 0.0625 0.10817307692307693
10 0.25600961538461536 0.6394230769230769 0.0625 0.11538461538461539
10 0.4519230769230769 0.7596153846153846 0.06009615384615385 0.12259615384615384