9 0.5757211538461539 0.13822115384615385 0.06971153846153846 0.15144230769230768
9 0.8161057692307693 0.7908653846153846 0.09134615384615384 0.17067307692307693
8 0.8677884615384616 0.3870192307692308 0.10096153846153846 0.2283653846153846
11 0.6658653846153846 0.12620192307692307 0.07932692307692307 0.1875
12 0.8161057692307693 0.06129807692307692 0.07932692307692307 0.12259615384615384
7 0.8305288461538461 0.11778846153846154 0.07692307692307693 0.15625
7 0.6682692307692307 0.41466346153846156 0.07451923076923077 0.15865384615384615
10 0.5913461538461539 0.05889423076923077 0.06490384615384616 0.11298076923076923
10 0.7415865384615384 0.13581730769230768 0.0625 0.11057692307692307
10 0.765625 0.31490384615384615 0.0673076923076923 0.12259615384615384
10 0.7944711538461539 0.65625 0.0673076923076923 0.12740384615384615
10 0.7692307692307693 0.4206730769230769 0.0673076923076923 0.12740384615384615
2 0.22956730769230768 0.30408653846153844 0.0985576923076923 0.22115384615384615
3 0.4110576923076923 0.33413461538461536 0.06971153846153846 0.16105769230769232
3 0.5997596153846154 0.7920673076923077 0.08173076923076923 0.1658653846153846
6 0.4266826923076923 0.06610576923076923 0.0625 0.12740384615384615
6 0.4963942307692308 0.4338942307692308 0.07211538461538461 0.14903846153846154
1 0.4026442307692308 0.14903846153846154 0.057692307692307696 0.16105769230769232
1 0.671875 0.5384615384615384 0.07451923076923077 0.16105769230769232
4 0.49278846153846156 0.2548076923076923 0.055288461538461536 0.11778846153846154
4 0.5144230769230769 0.15504807692307693 0.057692307692307696 0.11057692307692307
4 0.31850961538461536 0.35096153846153844 0.0625 0.1201923076923077
4 0.28125 0.8125 0.06971153846153846 0.12980769230769232
4 0.41225961538461536 0.5480769230769231 0.06009615384615385 0.13701923076923078
4 0.48677884615384615 0.6730769230769231 0.0673076923076923 0.13221153846153846