9 0.5432692307692307 0.15264423076923078 0.07211538461538461 0.1466346153846154
9 0.7932692307692307 0.7692307692307693 0.09375 0.16826923076923078
8 0.8305288461538461 0.3798076923076923 0.10576923076923077 0.22115384615384615
11 0.6274038461538461 0.13822115384615385 0.08173076923076923 0.18269230769230768
12 0.7692307692307693 0.06490384615384616 0.08173076923076923 0.12980769230769232
7 0.7860576923076923 0.12379807692307693 0.07932692307692307 0.15384615384615385
7 0.6394230769230769 0.41346153846153844 0.07692307692307693 0.15384615384615385
10 0.5540865384615384 0.07572115384615384 0.0673076923076923 0.11057692307692307
10 0.7007211538461539 0.14302884615384615 0.0625 0.10576923076923077
10 0.7295673076923077 0.31490384615384615 0.0673076923076923 0.1201923076923077
10 0.7680288461538461 0.6418269230769231 0.0673076923076923 0.12259615384615384
10 0.7379807692307693 0.41586538461538464 0.0673076923076923 0.125
2 0.21634615384615385 0.32211538461538464 0.10096153846153846 0.21394230769230768
3 0.3894230769230769 0.34375 0.07211538461538461 0.15625
3 0.5865384615384616 0.7776442307692307 0.08653846153846154 0.16105769230769232
6 0.39663461538461536 0.08173076923076923 0.06490384615384616 0.1346153846153846
6 0.47475961538461536 0.4387019230769231 0.07451923076923077 0.1466346153846154
1 0.375 0.16706730769230768 0.0625 0.15384615384615385
1 0.6478365384615384 0.5300480769230769 0.07451923076923077 0.15625
4 0.4675480769230769 0.265625 0.057692307692307696 0.11298076923076923
4 0.484375 0.16947115384615385 0.06009615384615385 0.10817307692307693
4 0.3016826923076923 0.3629807692307692 0.0625 0.11538461538461539
4 0.2824519230769231 0.8076923076923077 0.06971153846153846 0.125
4 0.39903846153846156 0.5492788461538461 0.0625 0.13221153846153846
4 0.4735576923076923 0.6670673076923077 0.0673076923076923 0.12740384615384615