1 0.421875 0.13341346153846154 0.0673076923076923 0.15625
2 0.23076923076923078 0.265625 0.10336538461538461 0.2091346153846154
3 0.7439903846153846 0.6646634615384616 0.08653846153846154 0.16826923076923078
3 0.6526442307692307 0.4411057692307692 0.08413461538461539 0.16105769230769232
4 0.21514423076923078 0.7716346153846154 0.07451923076923077 0.12740384615384615
4 0.3137019230769231 0.31850961538461536 0.06490384615384616 0.1201923076923077
4 0.3762019230769231 0.5252403846153846 0.0625 0.12259615384615384
4 0.4338942307692308 0.6658653846153846 0.07211538461538461 0.13221153846153846
6 0.45552884615384615 0.06129807692307692 0.06490384615384616 0.12259615384615384
6 0.4951923076923077 0.33413461538461536 0.06971153846153846 0.13701923076923078
12 0.8425480769230769 0.0985576923076923 0.06971153846153846 0.13221153846153846
4 0.6045673076923077 0.17548076923076922 0.06009615384615385 0.1201923076923077
8 0.8521634615384616 0.3269230769230769 0.10336538461538461 0.21634615384615385
9 0.7379807692307693 0.8185096153846154 0.10096153846153846 0.16826923076923078
7 0.8473557692307693 0.15745192307692307 0.08173076923076923 0.17067307692307693
11 0.6802884615384616 0.1466346153846154 0.08173076923076923 0.1971153846153846
10 0.7560096153846154 0.171875 0.0625 0.11778846153846154
10 0.7548076923076923 0.35216346153846156 0.06490384615384616 0.12259615384615384
10 0.7439903846153846 0.453125 0.06971153846153846 0.1201923076923077
10 0.6346153846153846 0.5733173076923077 0.06971153846153846 0.125