5 0.4795673076923077 0.4326923076923077 0.06971153846153846 0.19230769230769232
3 0.4050480769230769 0.34134615384615385 0.06009615384615385 0.15144230769230768
3 0.35336538461538464 0.6730769230769231 0.07451923076923077 0.16105769230769232
2 0.2283653846153846 0.30408653846153844 0.08413461538461539 0.20432692307692307
6 0.2668269230769231 0.0829326923076923 0.06009615384615385 0.13221153846153846
6 0.13701923076923078 0.8004807692307693 0.08413461538461539 0.1466346153846154
4 0.2439903846153846 0.8016826923076923 0.0673076923076923 0.12740384615384615
4 0.31490384615384615 0.3485576923076923 0.055288461538461536 0.1201923076923077
4 0.42908653846153844 0.1778846153846154 0.04807692307692308 0.10817307692307693
4 0.38822115384615385 0.5528846153846154 0.057692307692307696 0.11057692307692307
4 0.453125 0.6814903846153846 0.06009615384615385 0.11778846153846154
4 0.49038461538461536 0.27163461538461536 0.05048076923076923 0.1201923076923077
1 0.3485576923076923 0.07932692307692307 0.057692307692307696 0.1466346153846154
1 0.6466346153846154 0.5552884615384616 0.06490384615384616 0.15384615384615385
12 0.8197115384615384 0.09254807692307693 0.06009615384615385 0.13221153846153846
8 0.8485576923076923 0.4182692307692308 0.07692307692307693 0.20673076923076922
9 0.6586538461538461 0.34134615384615385 0.06490384615384616 0.14423076923076922
9 0.8473557692307693 0.5673076923076923 0.07692307692307693 0.1466346153846154
7 0.8293269230769231 0.15985576923076922 0.0625 0.1466346153846154
7 0.8641826923076923 0.6838942307692307 0.07211538461538461 0.1466346153846154
11 0.7391826923076923 0.22956730769230768 0.07932692307692307 0.16826923076923078
10 0.7403846153846154 0.17307692307692307 0.052884615384615384 0.10336538461538461
10 0.5973557692307693 0.08774038461538461 0.052884615384615384 0.10576923076923077
10 0.5901442307692307 0.25600961538461536 0.04807692307692308 0.11057692307692307
10 0.7512019230769231 0.35336538461538464 0.05048076923076923 0.11057692307692307
10 0.75 0.4567307692307692 0.057692307692307696 0.11538461538461539
10 0.7524038461538461 0.6923076923076923 0.06009615384615385 0.1201923076923077