2 0.7704326923076923 0.2860576923076923 0.10096153846153846 0.22355769230769232
6 0.7475961538461539 0.07211538461538461 0.06971153846153846 0.11298076923076923
6 0.7932692307692307 0.5348557692307693 0.08413461538461539 0.14423076923076922
1 0.6069711538461539 0.65625 0.08173076923076923 0.16826923076923078
1 0.5877403846153846 0.3137019230769231 0.07211538461538461 0.15144230769230768
5 0.5024038461538461 0.4014423076923077 0.08173076923076923 0.19471153846153846
4 0.5072115384615384 0.23317307692307693 0.055288461538461536 0.11778846153846154
4 0.7091346153846154 0.7956730769230769 0.06971153846153846 0.12980769230769232
4 0.6790865384615384 0.328125 0.0625 0.1201923076923077
4 0.5841346153846154 0.5324519230769231 0.06971153846153846 0.125
4 0.5060096153846154 0.6586538461538461 0.06971153846153846 0.12740384615384615
4 0.4879807692307692 0.13701923076923078 0.06490384615384616 0.11298076923076923
1 0.6033653846153846 0.12620192307692307 0.07692307692307693 0.16105769230769232
1 0.3233173076923077 0.5096153846153846 0.08413461538461539 0.15384615384615385
11 0.3389423076923077 0.0985576923076923 0.08173076923076923 0.19471153846153846
12 0.18629807692307693 0.04326923076923077 0.06971153846153846 0.08653846153846154
9 0.1778846153846154 0.7668269230769231 0.09375 0.16346153846153846
9 0.33052884615384615 0.2848557692307692 0.07211538461538461 0.14423076923076922
7 0.3293269230769231 0.39302884615384615 0.0673076923076923 0.14423076923076922
7 0.171875 0.0889423076923077 0.07211538461538461 0.15144230769230768
8 0.12980769230769232 0.359375 0.10336538461538461 0.22355769230769232
10 0.41346153846153844 0.04927884615384615 0.052884615384615384 0.0985576923076923
10 0.40625 0.20793269230769232 0.06009615384615385 0.1201923076923077
10 0.2620192307692308 0.1141826923076923 0.06009615384615385 0.11778846153846154
10 0.23557692307692307 0.2920673076923077 0.0625 0.12259615384615384
10 0.22596153846153846 0.39663461538461536 0.06490384615384616 0.125
10 0.19951923076923078 0.6370192307692307 0.06971153846153846 0.12980769230769232