2 0.8233173076923077 0.29086538461538464 0.0985576923076923 0.22596153846153846
6 0.7980769230769231 0.07091346153846154 0.0673076923076923 0.11538461538461539
6 0.8509615384615384 0.5432692307692307 0.08413461538461539 0.1466346153846154
1 0.6646634615384616 0.6682692307692307 0.07932692307692307 0.17067307692307693
1 0.6394230769230769 0.32091346153846156 0.06971153846153846 0.15384615384615385
5 0.5540865384615384 0.41225961538461536 0.07932692307692307 0.1971153846153846
4 0.5540865384615384 0.2403846153846154 0.055288461538461536 0.1201923076923077
4 0.7716346153846154 0.8088942307692307 0.06971153846153846 0.13221153846153846
4 0.7319711538461539 0.33413461538461536 0.0625 0.12259615384615384
4 0.6382211538461539 0.5432692307692307 0.06971153846153846 0.125
4 0.5612980769230769 0.6730769230769231 0.06971153846153846 0.12740384615384615
4 0.5336538461538461 0.14302884615384615 0.0625 0.11298076923076923
1 0.6514423076923077 0.1310096153846154 0.07692307692307693 0.16105769230769232
1 0.3737980769230769 0.5252403846153846 0.08173076923076923 0.15625
11 0.38100961538461536 0.10576923076923077 0.08173076923076923 0.19471153846153846
12 0.22596153846153846 0.04927884615384615 0.0673076923076923 0.0985576923076923
9 0.23076923076923078 0.7908653846153846 0.09134615384615384 0.16346153846153846
9 0.37740384615384615 0.296875 0.07211538461538461 0.1466346153846154
7 0.37740384615384615 0.40625 0.06490384615384616 0.14423076923076922
7 0.21153846153846154 0.10096153846153846 0.06971153846153846 0.15144230769230768
8 0.17427884615384615 0.3762019230769231 0.10096153846153846 0.22596153846153846
10 0.4567307692307692 0.054086538461538464 0.052884615384615384 0.10817307692307693
10 0.4519230769230769 0.21754807692307693 0.057692307692307696 0.12259615384615384
10 0.30288461538461536 0.125 0.06009615384615385 0.11778846153846154
10 0.2800480769230769 0.30528846153846156 0.0625 0.12259615384615384
10 0.27403846153846156 0.41225961538461536 0.06490384615384616 0.125
10 0.25 0.65625 0.06971153846153846 0.12980769230769232