10 0.2283653846153846 0.6394230769230769 0.06971153846153846 0.12259615384615384
4 0.5324519230769231 0.6730769230769231 0.06490384615384616 0.12259615384615384
3 0.41346153846153844 0.7776442307692307 0.08653846153846154 0.1658653846153846
4 0.7271634615384616 0.8161057692307693 0.07692307692307693 0.125
9 0.20072115384615385 0.7620192307692307 0.09134615384615384 0.17067307692307693
6 0.625 0.07091346153846154 0.06490384615384616 0.125
10 0.46274038461538464 0.056490384615384616 0.06009615384615385 0.11298076923076923
12 0.23557692307692307 0.052884615384615384 0.07692307692307693 0.10576923076923077
11 0.38461538461538464 0.11057692307692307 0.08413461538461539 0.1875
7 0.21875 0.0985576923076923 0.08413461538461539 0.15144230769230768
1 0.6454326923076923 0.15384615384615385 0.06971153846153846 0.15865384615384615
10 0.3076923076923077 0.12259615384615384 0.0625 0.12259615384615384
4 0.5300480769230769 0.15384615384615385 0.055288461538461536 0.11057692307692307
4 0.546875 0.25240384615384615 0.055288461538461536 0.11538461538461539
2 0.8076923076923077 0.31009615384615385 0.10576923076923077 0.21394230769230768
9 0.3713942307692308 0.2980769230769231 0.07692307692307693 0.14423076923076922
3 0.6225961538461539 0.33533653846153844 0.07451923076923077 0.15384615384615385
10 0.27524038461538464 0.3016826923076923 0.0673076923076923 0.1201923076923077
4 0.7163461538461539 0.34975961538461536 0.06009615384615385 0.11778846153846154
8 0.16466346153846154 0.36177884615384615 0.10336538461538461 0.21634615384615385
7 0.36538461538461536 0.40024038461538464 0.0673076923076923 0.14182692307692307
6 0.8137019230769231 0.46033653846153844 0.08653846153846154 0.14182692307692307
10 0.2644230769230769 0.40384615384615385 0.07451923076923077 0.11778846153846154
4 0.6141826923076923 0.5456730769230769 0.0673076923076923 0.125
1 0.3545673076923077 0.5192307692307693 0.07211538461538461 0.15384615384615385