10 0.7644230769230769 0.6526442307692307 0.0625 0.1201923076923077
4 0.4579326923076923 0.6646634615384616 0.057692307692307696 0.1201923076923077
3 0.5685096153846154 0.7764423076923077 0.07451923076923077 0.16105769230769232
4 0.2548076923076923 0.7932692307692307 0.0673076923076923 0.12259615384615384
9 0.7836538461538461 0.7776442307692307 0.08173076923076923 0.1658653846153846
6 0.4074519230769231 0.06009615384615385 0.057692307692307696 0.11778846153846154
10 0.5721153846153846 0.054086538461538464 0.052884615384615384 0.10817307692307693
12 0.7956730769230769 0.05889423076923077 0.0673076923076923 0.11778846153846154
11 0.6454326923076923 0.1141826923076923 0.07211538461538461 0.18269230769230768
7 0.8112980769230769 0.1141826923076923 0.07451923076923077 0.1466346153846154
1 0.38221153846153844 0.13822115384615385 0.057692307692307696 0.15625
10 0.7199519230769231 0.12980769230769232 0.052884615384615384 0.1201923076923077
4 0.4963942307692308 0.1466346153846154 0.04807692307692308 0.10817307692307693
4 0.4735576923076923 0.2439903846153846 0.04807692307692308 0.11298076923076923
2 0.2091346153846154 0.2824519230769231 0.09134615384615384 0.2091346153846154
9 0.6442307692307693 0.3016826923076923 0.0673076923076923 0.14182692307692307
3 0.3918269230769231 0.32091346153846156 0.06490384615384616 0.14903846153846154
10 0.7415865384615384 0.3112980769230769 0.06009615384615385 0.11538461538461539
4 0.2980769230769231 0.3293269230769231 0.052884615384615384 0.11538461538461539
8 0.8461538461538461 0.38100961538461536 0.0889423076923077 0.21153846153846154
7 0.6430288461538461 0.4050480769230769 0.057692307692307696 0.13942307692307693
6 0.19230769230769232 0.4326923076923077 0.07692307692307693 0.13701923076923078
10 0.7451923076923077 0.41466346153846156 0.0673076923076923 0.11298076923076923
4 0.3858173076923077 0.5324519230769231 0.06009615384615385 0.12259615384615384
1 0.6466346153846154 0.5252403846153846 0.0625 0.15144230769230768