10 0.2247596153846154 0.6610576923076923 0.057692307692307696 0.1201923076923077
4 0.5372596153846154 0.6622596153846154 0.052884615384615384 0.1201923076923077
3 0.42908653846153844 0.78125 0.07211538461538461 0.16346153846153846
4 0.75 0.7860576923076923 0.06490384615384616 0.12259615384615384
9 0.2091346153846154 0.7884615384615384 0.07692307692307693 0.16826923076923078
6 0.5661057692307693 0.05048076923076923 0.055288461538461536 0.10096153846153846
10 0.40024038461538464 0.04927884615384615 0.04807692307692308 0.09615384615384616
12 0.16947115384615385 0.057692307692307696 0.0625 0.11538461538461539
11 0.3269230769230769 0.10576923076923077 0.0673076923076923 0.18509615384615385
7 0.15745192307692307 0.11177884615384616 0.06971153846153846 0.14903846153846154
1 0.5961538461538461 0.12139423076923077 0.052884615384615384 0.15865384615384615
10 0.2512019230769231 0.12620192307692307 0.05048076923076923 0.12259615384615384
4 0.4807692307692308 0.1346153846153846 0.04567307692307692 0.10817307692307693
4 0.5084134615384616 0.23197115384615385 0.04326923076923077 0.11298076923076923
2 0.7788461538461539 0.26322115384615385 0.08653846153846154 0.21153846153846154
9 0.33413461538461536 0.296875 0.0625 0.14423076923076922
3 0.59375 0.3088942307692308 0.0625 0.15144230769230768
10 0.23677884615384615 0.3112980769230769 0.057692307692307696 0.11538461538461539
4 0.6899038461538461 0.3137019230769231 0.05048076923076923 0.11538461538461539
8 0.1310096153846154 0.3858173076923077 0.08413461538461539 0.21153846153846154
7 0.3389423076923077 0.4026442307692308 0.052884615384615384 0.13942307692307693
6 0.8016826923076923 0.41586538461538464 0.07692307692307693 0.13942307692307693
10 0.23677884615384615 0.4170673076923077 0.0625 0.11538461538461539
4 0.6069711538461539 0.5240384615384616 0.057692307692307696 0.12259615384615384
1 0.3401442307692308 0.5252403846153846 0.057692307692307696 0.15384615384615385