11 0.2980769230769231 0.20192307692307693 0.08653846153846154 0.17067307692307693
2 0.7872596153846154 0.32211538461538464 0.09134615384615384 0.19471153846153846
1 0.6875 0.09254807692307693 0.06490384615384616 0.14182692307692307
6 0.7668269230769231 0.10697115384615384 0.06490384615384616 0.1201923076923077
4 0.6971153846153846 0.3605769230769231 0.057692307692307696 0.10576923076923077
6 0.8209134615384616 0.8125 0.09134615384615384 0.14182692307692307
4 0.7151442307692307 0.8064903846153846 0.06971153846153846 0.11538461538461539
3 0.6334134615384616 0.6742788461538461 0.07932692307692307 0.13701923076923078
3 0.6213942307692307 0.35216346153846156 0.06490384615384616 0.13701923076923078
5 0.5264423076923077 0.421875 0.07692307692307693 0.1778846153846154
4 0.5264423076923077 0.6706730769230769 0.06490384615384616 0.11538461538461539
4 0.59375 0.5540865384615384 0.057692307692307696 0.11538461538461539
4 0.6045673076923077 0.18269230769230768 0.052884615384615384 0.10336538461538461
4 0.5444711538461539 0.09254807692307693 0.04567307692307692 0.10576923076923077
4 0.5336538461538461 0.2644230769230769 0.055288461538461536 0.10576923076923077
4 0.3629807692307692 0.4387019230769231 0.055288461538461536 0.11057692307692307
1 0.35697115384615385 0.5264423076923077 0.0673076923076923 0.14182692307692307
8 0.171875 0.37740384615384615 0.08653846153846154 0.19951923076923078
12 0.234375 0.0625 0.0625 0.125
9 0.36658653846153844 0.3173076923076923 0.06971153846153846 0.13221153846153846
9 0.15745192307692307 0.515625 0.08173076923076923 0.13701923076923078
7 0.21634615384615385 0.125 0.06490384615384616 0.14423076923076922
7 0.12860576923076922 0.6310096153846154 0.07932692307692307 0.14423076923076922
10 0.30288461538461536 0.1466346153846154 0.05048076923076923 0.09615384615384616
10 0.27524038461538464 0.31490384615384615 0.06009615384615385 0.10576923076923077
10 0.23197115384615385 0.6454326923076923 0.0673076923076923 0.1201923076923077
10 0.265625 0.4170673076923077 0.06009615384615385 0.11057692307692307
10 0.4495192307692308 0.08052884615384616 0.052884615384615384 0.10336538461538461
10 0.43990384615384615 0.23918269230769232 0.052884615384615384 0.10817307692307693
10 0.4266826923076923 0.5516826923076923 0.055288461538461536 0.11057692307692307