11 0.7235576923076923 0.2091346153846154 0.08653846153846154 0.1778846153846154
2 0.2091346153846154 0.3269230769230769 0.09375 0.20432692307692307
1 0.3173076923076923 0.08774038461538461 0.06490384615384616 0.1466346153846154
6 0.23317307692307693 0.10096153846153846 0.06490384615384616 0.12740384615384615
4 0.30288461538461536 0.36778846153846156 0.06009615384615385 0.10817307692307693
6 0.16346153846153846 0.8401442307692307 0.09375 0.1466346153846154
4 0.27403846153846156 0.8353365384615384 0.07211538461538461 0.11778846153846154
3 0.3629807692307692 0.6983173076923077 0.07932692307692307 0.14182692307692307
3 0.38221153846153844 0.36177884615384615 0.06490384615384616 0.14182692307692307
5 0.4795673076923077 0.43509615384615385 0.07932692307692307 0.1875
4 0.47475961538461536 0.6971153846153846 0.0673076923076923 0.1201923076923077
4 0.40625 0.5733173076923077 0.06009615384615385 0.11778846153846154
4 0.4026442307692308 0.18269230769230768 0.052884615384615384 0.10817307692307693
4 0.4675480769230769 0.09014423076923077 0.04567307692307692 0.11057692307692307
4 0.47596153846153844 0.2704326923076923 0.055288461538461536 0.11057692307692307
4 0.6514423076923077 0.4567307692307692 0.055288461538461536 0.11538461538461539
1 0.65625 0.5480769230769231 0.06971153846153846 0.14903846153846154
8 0.8533653846153846 0.3954326923076923 0.0889423076923077 0.20673076923076922
12 0.7932692307692307 0.06370192307692307 0.0625 0.12740384615384615
9 0.6490384615384616 0.328125 0.07211538461538461 0.13942307692307693
9 0.8653846153846154 0.5408653846153846 0.08173076923076923 0.14423076923076922
7 0.8088942307692307 0.12980769230769232 0.0673076923076923 0.14903846153846154
7 0.8930288461538461 0.6622596153846154 0.08173076923076923 0.14903846153846154
10 0.71875 0.1502403846153846 0.052884615384615384 0.0985576923076923
10 0.7463942307692307 0.328125 0.06009615384615385 0.10817307692307693
10 0.7848557692307693 0.6742788461538461 0.0673076923076923 0.125
10 0.7536057692307693 0.43509615384615385 0.06009615384615385 0.11298076923076923
10 0.5661057692307693 0.07932692307692307 0.052884615384615384 0.10817307692307693
10 0.5733173076923077 0.24519230769230768 0.055288461538461536 0.11298076923076923
10 0.5817307692307693 0.5733173076923077 0.057692307692307696 0.11538461538461539