6 0.828125 0.8100961538461539 0.08653846153846154 0.1466346153846154
2 0.6418269230769231 0.7572115384615384 0.09615384615384616 0.21394230769230768
5 0.6069711538461539 0.33533653846153844 0.08413461538461539 0.18028846153846154
4 0.6947115384615384 0.265625 0.057692307692307696 0.11057692307692307
4 0.6213942307692307 0.5552884615384616 0.06490384615384616 0.11538461538461539
4 0.5252403846153846 0.33774038461538464 0.057692307692307696 0.11298076923076923
8 0.3581730769230769 0.39783653846153844 0.09134615384615384 0.20432692307692307
12 0.1935096153846154 0.22716346153846154 0.07451923076923077 0.12740384615384615
10 0.2980769230769231 0.07211538461538461 0.06490384615384616 0.10817307692307693
10 0.3786057692307692 0.17067307692307693 0.06009615384615385 0.11298076923076923
10 0.4411057692307692 0.33533653846153844 0.06009615384615385 0.11057692307692307
10 0.24278846153846154 0.6538461538461539 0.06971153846153846 0.12740384615384615