6 0.8545673076923077 0.8197115384615384 0.08413461538461539 0.14903846153846154
2 0.6586538461538461 0.7752403846153846 0.0889423076923077 0.21875
5 0.5985576923076923 0.3389423076923077 0.07692307692307693 0.18509615384615385
4 0.6862980769230769 0.2620192307692308 0.055288461538461536 0.11057692307692307
4 0.6262019230769231 0.5673076923076923 0.0625 0.11538461538461539
4 0.515625 0.34615384615384615 0.055288461538461536 0.11538461538461539
8 0.34375 0.4182692307692308 0.08413461538461539 0.2091346153846154
12 0.16346153846153846 0.24879807692307693 0.07211538461538461 0.12980769230769232
10 0.26322115384615385 0.0829326923076923 0.0625 0.11057692307692307
10 0.35216346153846156 0.1814903846153846 0.057692307692307696 0.11538461538461539
10 0.4266826923076923 0.3485576923076923 0.057692307692307696 0.11298076923076923
10 0.23677884615384615 0.6911057692307693 0.06490384615384616 0.12980769230769232