2 0.2439903846153846 0.28365384615384615 0.09134615384615384 0.19951923076923078
5 0.484375 0.42427884615384615 0.07451923076923077 0.1778846153846154
1 0.3786057692307692 0.07091346153846154 0.0625 0.14182692307692307
6 0.296875 0.06850961538461539 0.06009615384615385 0.11778846153846154
6 0.13341346153846154 0.7584134615384616 0.0889423076923077 0.14182692307692307
4 0.23918269230769232 0.765625 0.06971153846153846 0.11538461538461539
3 0.35096153846153844 0.6442307692307693 0.07932692307692307 0.15625
3 0.4074519230769231 0.3317307692307692 0.0673076923076923 0.14182692307692307
4 0.3269230769230769 0.3317307692307692 0.055288461538461536 0.10336538461538461
4 0.44350961538461536 0.17067307692307693 0.052884615384615384 0.10576923076923077
4 0.5024038461538461 0.2620192307692308 0.052884615384615384 0.10576923076923077
4 0.3894230769230769 0.5336538461538461 0.055288461538461536 0.11057692307692307
4 0.44591346153846156 0.6634615384615384 0.06009615384615385 0.11298076923076923
4 0.6466346153846154 0.45913461538461536 0.055288461538461536 0.10096153846153846
1 0.6370192307692307 0.5528846153846154 0.0673076923076923 0.14423076923076922
10 0.75 0.18509615384615385 0.052884615384615384 0.10817307692307693
11 0.7415865384615384 0.23677884615384615 0.06971153846153846 0.17067307692307693
8 0.84375 0.42788461538461536 0.08413461538461539 0.19471153846153846
9 0.8341346153846154 0.5685096153846154 0.08173076923076923 0.13942307692307693
7 0.8389423076923077 0.17548076923076922 0.07692307692307693 0.13701923076923078
7 0.8449519230769231 0.6862980769230769 0.07451923076923077 0.14182692307692307
9 0.6586538461538461 0.33774038461538464 0.06971153846153846 0.1346153846153846
12 0.8317307692307693 0.10817307692307693 0.07211538461538461 0.13221153846153846
10 0.6165865384615384 0.09254807692307693 0.055288461538461536 0.11057692307692307
10 0.5997596153846154 0.2548076923076923 0.055288461538461536 0.11057692307692307
10 0.7512019230769231 0.3545673076923077 0.055288461538461536 0.10576923076923077
10 0.7451923076923077 0.45552884615384615 0.0625 0.10817307692307693
10 0.7427884615384616 0.6838942307692307 0.0673076923076923 0.11778846153846154
10 0.5661057692307693 0.5637019230769231 0.055288461538461536 0.11057692307692307