2 0.796875 0.28966346153846156 0.0889423076923077 0.20432692307692307
5 0.5336538461538461 0.40865384615384615 0.07211538461538461 0.18269230769230768
1 0.6814903846153846 0.06610576923076923 0.06009615384615385 0.12259615384615384
6 0.7668269230769231 0.06610576923076923 0.057692307692307696 0.11298076923076923
6 0.8605769230769231 0.7944711538461539 0.08653846153846154 0.14423076923076922
4 0.75 0.7896634615384616 0.06971153846153846 0.11778846153846154
3 0.6478365384615384 0.6514423076923077 0.07932692307692307 0.16105769230769232
3 0.6225961538461539 0.32091346153846156 0.06490384615384616 0.14423076923076922
4 0.7055288461538461 0.3293269230769231 0.055288461538461536 0.10576923076923077
4 0.6021634615384616 0.15144230769230768 0.052884615384615384 0.10817307692307693
4 0.5324519230769231 0.23918269230769232 0.05048076923076923 0.11057692307692307
4 0.6189903846153846 0.5324519230769231 0.055288461538461536 0.11538461538461539
4 0.5456730769230769 0.6610576923076923 0.06009615384615385 0.11538461538461539
4 0.3605769230769231 0.42788461538461536 0.052884615384615384 0.10336538461538461
1 0.359375 0.5252403846153846 0.0673076923076923 0.14903846153846154
10 0.28365384615384615 0.13221153846153846 0.05048076923076923 0.11057692307692307
11 0.2860576923076923 0.1875 0.0673076923076923 0.17548076923076922
8 0.15985576923076922 0.3737980769230769 0.08173076923076923 0.20192307692307693
9 0.15384615384615385 0.5204326923076923 0.08173076923076923 0.14423076923076922
7 0.19230769230769232 0.11177884615384616 0.07451923076923077 0.13942307692307693
7 0.1310096153846154 0.6418269230769231 0.07211538461538461 0.14423076923076922
9 0.36177884615384615 0.3004807692307692 0.0673076923076923 0.13942307692307693
12 0.20552884615384615 0.055288461538461536 0.06971153846153846 0.11057692307692307
10 0.4326923076923077 0.052884615384615384 0.052884615384615384 0.10576923076923077
10 0.43149038461538464 0.22115384615384615 0.052884615384615384 0.11298076923076923
10 0.26322115384615385 0.3076923076923077 0.055288461538461536 0.11057692307692307
10 0.25721153846153844 0.41346153846153844 0.0625 0.11057692307692307
10 0.23557692307692307 0.6502403846153846 0.0673076923076923 0.1201923076923077
10 0.4326923076923077 0.5444711538461539 0.052884615384615384 0.11298076923076923