9 0.7884615384615384 0.6742788461538461 0.07451923076923077 0.17067307692307693
2 0.22956730769230768 0.3125 0.08653846153846154 0.21634615384615385
6 0.43990384615384615 0.07692307692307693 0.0625 0.13942307692307693
1 0.5096153846153846 0.23557692307692307 0.0625 0.15625
4 0.6021634615384616 0.1814903846153846 0.052884615384615384 0.11298076923076923
4 0.31971153846153844 0.359375 0.04807692307692308 0.1201923076923077
4 0.4026442307692308 0.5637019230769231 0.057692307692307696 0.12980769230769232
4 0.47115384615384615 0.6995192307692307 0.057692307692307696 0.125
9 0.5673076923076923 0.6790865384615384 0.07692307692307693 0.1658653846153846
7 0.5805288461538461 0.44591346153846156 0.0625 0.1658653846153846
8 0.875 0.3112980769230769 0.08173076923076923 0.22115384615384615
12 0.5865384615384616 0.07211538461538461 0.057692307692307696 0.13701923076923078
11 0.6814903846153846 0.14783653846153846 0.0625 0.1875
10 0.7584134615384616 0.16826923076923078 0.055288461538461536 0.11538461538461539
10 0.7728365384615384 0.35336538461538464 0.0625 0.11778846153846154
10 0.6778846153846154 0.3425480769230769 0.057692307692307696 0.12259615384615384
10 0.6694711538461539 0.5841346153846154 0.06009615384615385 0.1346153846153846