9 0.22115384615384615 0.6141826923076923 0.09134615384615384 0.1778846153846154
2 0.8149038461538461 0.3137019230769231 0.11057692307692307 0.22355769230769232
6 0.6286057692307693 0.06850961538461539 0.07211538461538461 0.1201923076923077
1 0.5444711538461539 0.20673076923076922 0.07932692307692307 0.16105769230769232
4 0.4579326923076923 0.14423076923076922 0.06490384615384616 0.11778846153846154
4 0.7199519230769231 0.34975961538461536 0.0625 0.125
4 0.6165865384615384 0.5456730769230769 0.06971153846153846 0.1346153846153846
4 0.5336538461538461 0.6730769230769231 0.07211538461538461 0.12980769230769232
9 0.43990384615384615 0.6418269230769231 0.09375 0.17307692307692307
7 0.4519230769230769 0.4098557692307692 0.08173076923076923 0.17067307692307693
8 0.17307692307692307 0.2439903846153846 0.10336538461538461 0.2283653846153846
12 0.48197115384615385 0.054086538461538464 0.06971153846153846 0.10817307692307693
11 0.38341346153846156 0.10216346153846154 0.08173076923076923 0.19471153846153846
10 0.30408653846153844 0.1141826923076923 0.0673076923076923 0.12259615384615384
10 0.2704326923076923 0.296875 0.07451923076923077 0.125
10 0.36538461538461536 0.2956730769230769 0.07211538461538461 0.12740384615384615
10 0.3485576923076923 0.5372596153846154 0.07451923076923077 0.13942307692307693