6 0.13942307692307693 0.7211538461538461 0.08173076923076923 0.14423076923076922
2 0.18629807692307693 0.47596153846153844 0.10336538461538461 0.20432692307692307
5 0.40865384615384615 0.2860576923076923 0.07211538461538461 0.18269230769230768
3 0.5649038461538461 0.39903846153846156 0.07451923076923077 0.14182692307692307
4 0.29927884615384615 0.3954326923076923 0.055288461538461536 0.11057692307692307
4 0.3317307692307692 0.21394230769230768 0.052884615384615384 0.11057692307692307
4 0.3737980769230769 0.5 0.06009615384615385 0.1201923076923077
4 0.49038461538461536 0.30408653846153844 0.04807692307692308 0.11298076923076923
4 0.6586538461538461 0.06490384615384616 0.05048076923076923 0.11538461538461539
11 0.6466346153846154 0.2980769230769231 0.06971153846153846 0.18028846153846154
8 0.7379807692307693 0.38221153846153844 0.08653846153846154 0.20673076923076922
9 0.6418269230769231 0.5012019230769231 0.06490384615384616 0.15625
7 0.5504807692307693 0.609375 0.07211538461538461 0.15625
9 0.5084134615384616 0.12980769230769232 0.06490384615384616 0.14903846153846154
12 0.3401442307692308 0.71875 0.08173076923076923 0.15384615384615385
12 0.8161057692307693 0.06850961538461539 0.0625 0.10817307692307693
10 0.5733173076923077 0.3076923076923077 0.055288461538461536 0.10817307692307693
10 0.7391826923076923 0.06490384615384616 0.055288461538461536 0.10096153846153846
10 0.7283653846153846 0.22596153846153846 0.057692307692307696 0.10817307692307693
10 0.7319711538461539 0.6286057692307693 0.0673076923076923 0.1201923076923077