6 0.8353365384615384 0.7848557692307693 0.09134615384615384 0.14903846153846154
2 0.8269230769230769 0.5336538461538461 0.11538461538461539 0.21153846153846154
5 0.6334134615384616 0.3076923076923077 0.08173076923076923 0.1875
3 0.45913461538461536 0.3954326923076923 0.08173076923076923 0.1466346153846154
4 0.7259615384615384 0.4338942307692308 0.0625 0.11538461538461539
4 0.7223557692307693 0.24759615384615385 0.06009615384615385 0.11298076923076923
4 0.6346153846153846 0.5276442307692307 0.0673076923076923 0.125
4 0.5492788461538461 0.3125 0.055288461538461536 0.11778846153846154
4 0.4182692307692308 0.052884615384615384 0.057692307692307696 0.10576923076923077
11 0.3942307692307692 0.28125 0.07932692307692307 0.18509615384615385
8 0.28846153846153844 0.35096153846153844 0.0985576923076923 0.21153846153846154
9 0.36538461538461536 0.4855769230769231 0.07451923076923077 0.16105769230769232
7 0.4387019230769231 0.6081730769230769 0.08173076923076923 0.16105769230769232
9 0.5588942307692307 0.13341346153846154 0.07211538461538461 0.15384615384615385
12 0.6346153846153846 0.7512019230769231 0.09134615384615384 0.15865384615384615
12 0.25721153846153844 0.039663461538461536 0.0673076923076923 0.07932692307692307
10 0.4651442307692308 0.3016826923076923 0.0625 0.11057692307692307
10 0.33653846153846156 0.04326923076923077 0.0625 0.08653846153846154
10 0.3233173076923077 0.19471153846153846 0.06490384615384616 0.11298076923076923
10 0.25600961538461536 0.5997596153846154 0.07451923076923077 0.125