11 0.3557692307692308 0.13581730769230768 0.07932692307692307 0.1875
7 0.18990384615384615 0.13341346153846154 0.0673076923076923 0.14182692307692307
12 0.20432692307692307 0.0733173076923077 0.0673076923076923 0.13221153846153846
8 0.16826923076923078 0.2932692307692308 0.08413461538461539 0.21394230769230768
9 0.23197115384615385 0.796875 0.09134615384615384 0.17307692307692307
10 0.2824519230769231 0.15264423076923078 0.0625 0.12259615384615384
10 0.26322115384615385 0.3293269230769231 0.06009615384615385 0.11778846153846154
10 0.26322115384615385 0.4338942307692308 0.0625 0.12259615384615384
10 0.3605769230769231 0.5625 0.06490384615384616 0.11778846153846154
2 0.7908653846153846 0.296875 0.09134615384615384 0.20673076923076922
1 0.6165865384615384 0.15384615384615385 0.06490384615384616 0.1466346153846154
3 0.24158653846153846 0.6382211538461539 0.08173076923076923 0.17067307692307693
3 0.3557692307692308 0.4326923076923077 0.07211538461538461 0.17067307692307693
6 0.5889423076923077 0.06850961538461539 0.06009615384615385 0.13221153846153846
6 0.5228365384615384 0.3389423076923077 0.06971153846153846 0.13942307692307693
4 0.42788461538461536 0.17548076923076922 0.055288461538461536 0.11778846153846154
4 0.7019230769230769 0.3401442307692308 0.052884615384615384 0.1201923076923077
4 0.5540865384615384 0.671875 0.0625 0.12980769230769232
4 0.6153846153846154 0.5432692307692307 0.06009615384615385 0.12980769230769232