11 0.3737980769230769 0.13942307692307693 0.0889423076923077 0.1971153846153846
7 0.20192307692307693 0.13221153846153846 0.07451923076923077 0.14903846153846154
12 0.21754807692307693 0.06850961538461539 0.07451923076923077 0.13701923076923078
8 0.171875 0.296875 0.09375 0.22355769230769232
9 0.22115384615384615 0.8185096153846154 0.10096153846153846 0.18028846153846154
10 0.296875 0.15504807692307693 0.06971153846153846 0.12980769230769232
10 0.27163461538461536 0.33653846153846156 0.0673076923076923 0.12259615384615384
10 0.265625 0.44350961538461536 0.06971153846153846 0.12740384615384615
10 0.36177884615384615 0.5817307692307693 0.07211538461538461 0.125
2 0.8161057692307693 0.32211538461538464 0.10096153846153846 0.21634615384615385
1 0.6430288461538461 0.16706730769230768 0.07211538461538461 0.15384615384615385
3 0.23677884615384615 0.65625 0.09134615384615384 0.18028846153846154
3 0.36177884615384615 0.44711538461538464 0.08173076923076923 0.1778846153846154
6 0.6165865384615384 0.07932692307692307 0.0673076923076923 0.13942307692307693
6 0.5384615384615384 0.35697115384615385 0.07692307692307693 0.1466346153846154
4 0.44591346153846156 0.18269230769230768 0.06009615384615385 0.125
4 0.7223557692307693 0.3641826923076923 0.057692307692307696 0.12740384615384615
4 0.5576923076923077 0.7007211538461539 0.06971153846153846 0.13701923076923078
4 0.6274038461538461 0.5709134615384616 0.0673076923076923 0.13701923076923078