9 0.7944711538461539 0.7752403846153846 0.10336538461538461 0.17307692307692307
7 0.5625 0.4074519230769231 0.07932692307692307 0.17067307692307693
11 0.6442307692307693 0.10697115384615384 0.07451923076923077 0.1971153846153846
8 0.8449519230769231 0.25841346153846156 0.09615384615384616 0.23798076923076922
12 0.8028846153846154 0.052884615384615384 0.07211538461538461 0.10576923076923077
10 0.7223557692307693 0.12740384615384615 0.0625 0.11778846153846154
10 0.7524038461538461 0.3016826923076923 0.06490384615384616 0.11778846153846154
10 0.7524038461538461 0.4050480769230769 0.07211538461538461 0.1201923076923077
10 0.6598557692307693 0.5372596153846154 0.07451923076923077 0.13221153846153846
2 0.2091346153846154 0.2860576923076923 0.10576923076923077 0.23076923076923078
6 0.40384615384615385 0.06370192307692307 0.0625 0.1201923076923077
6 0.6502403846153846 0.3125 0.07451923076923077 0.1466346153846154
3 0.6598557692307693 0.4110576923076923 0.07932692307692307 0.16105769230769232
3 0.7788461538461539 0.6201923076923077 0.07932692307692307 0.17307692307692307
1 0.47836538461538464 0.2091346153846154 0.07211538461538461 0.16826923076923078
4 0.5733173076923077 0.14423076923076922 0.06009615384615385 0.11778846153846154
4 0.29927884615384615 0.3293269230769231 0.06009615384615385 0.11298076923076923
4 0.390625 0.5324519230769231 0.0673076923076923 0.13221153846153846
4 0.4651442307692308 0.6646634615384616 0.0673076923076923 0.12740384615384615