9 0.7307692307692307 0.8221153846153846 0.10817307692307693 0.17548076923076922
7 0.5528846153846154 0.42788461538461536 0.08413461538461539 0.17067307692307693
11 0.6754807692307693 0.14182692307692307 0.08173076923076923 0.1971153846153846
8 0.8509615384615384 0.31850961538461536 0.10336538461538461 0.2403846153846154
12 0.8401442307692307 0.09495192307692307 0.07451923076923077 0.13942307692307693
10 0.7487980769230769 0.17307692307692307 0.0673076923076923 0.1201923076923077
10 0.7548076923076923 0.3485576923076923 0.06971153846153846 0.11778846153846154
10 0.7403846153846154 0.45072115384615385 0.07451923076923077 0.12259615384615384
10 0.6298076923076923 0.5685096153846154 0.07932692307692307 0.1346153846153846
2 0.22235576923076922 0.25841346153846156 0.11298076923076923 0.23076923076923078
6 0.44591346153846156 0.0625 0.06971153846153846 0.125
6 0.6538461538461539 0.3449519230769231 0.07692307692307693 0.14903846153846154
3 0.6490384615384616 0.44350961538461536 0.08653846153846154 0.16346153846153846
3 0.7367788461538461 0.6658653846153846 0.08413461538461539 0.17548076923076922
1 0.49759615384615385 0.21995192307692307 0.07692307692307693 0.16826923076923078
4 0.5997596153846154 0.16947115384615385 0.06490384615384616 0.11778846153846154
4 0.30528846153846156 0.3125 0.0625 0.11538461538461539
4 0.36778846153846156 0.5252403846153846 0.07211538461538461 0.13221153846153846
4 0.421875 0.6658653846153846 0.07211538461538461 0.12980769230769232