5 0.7884615384615384 0.3016826923076923 0.07692307692307693 0.1658653846153846
2 0.7932692307692307 0.3737980769230769 0.08173076923076923 0.19230769230769232
1 0.7692307692307693 0.21875 0.055288461538461536 0.12980769230769232
1 0.8064903846153846 0.5036057692307693 0.06009615384615385 0.12980769230769232
3 0.7536057692307693 0.140625 0.057692307692307696 0.1201923076923077
3 0.8257211538461539 0.6213942307692307 0.07451923076923077 0.125
6 0.75 0.07091346153846154 0.05048076923076923 0.10336538461538461
6 0.8389423076923077 0.7415865384615384 0.07211538461538461 0.125
4 0.7367788461538461 0.7415865384615384 0.052884615384615384 0.10336538461538461
4 0.7223557692307693 0.6201923076923077 0.052884615384615384 0.0985576923076923
4 0.7127403846153846 0.5144230769230769 0.052884615384615384 0.09615384615384616
4 0.7019230769230769 0.40865384615384615 0.04567307692307692 0.09615384615384616
4 0.6899038461538461 0.3112980769230769 0.04567307692307692 0.09615384615384616
4 0.6802884615384616 0.23076923076923078 0.04807692307692308 0.09615384615384616
4 0.6730769230769231 0.14783653846153846 0.04326923076923077 0.09375
4 0.6694711538461539 0.0625 0.040865384615384616 0.0985576923076923
11 0.19230769230769232 0.27283653846153844 0.0673076923076923 0.16826923076923078
8 0.17427884615384615 0.359375 0.06971153846153846 0.19471153846153846
7 0.19591346153846154 0.19831730769230768 0.052884615384615384 0.12980769230769232
7 0.15745192307692307 0.484375 0.0625 0.13942307692307693
9 0.203125 0.12259615384615384 0.057692307692307696 0.12259615384615384
9 0.15264423076923078 0.6177884615384616 0.06971153846153846 0.1346153846153846
12 0.21514423076923078 0.05048076923076923 0.05048076923076923 0.10096153846153846
12 0.1346153846153846 0.7451923076923077 0.07451923076923077 0.13942307692307693
10 0.28846153846153844 0.052884615384615384 0.04567307692307692 0.0889423076923077
10 0.2860576923076923 0.1346153846153846 0.04807692307692308 0.09134615384615384
10 0.2848557692307692 0.21995192307692307 0.04567307692307692 0.0985576923076923
10 0.27884615384615385 0.30408653846153844 0.052884615384615384 0.0985576923076923
10 0.27403846153846156 0.40625 0.055288461538461536 0.10096153846153846
10 0.26322115384615385 0.5096153846153846 0.055288461538461536 0.10096153846153846
10 0.2608173076923077 0.6117788461538461 0.052884615384615384 0.10817307692307693
10 0.25 0.7319711538461539 0.052884615384615384 0.11298076923076923