11 0.3245192307692308 0.11899038461538461 0.07211538461538461 0.1875
12 0.171875 0.06490384615384616 0.0673076923076923 0.12980769230769232
7 0.16105769230769232 0.12259615384615384 0.06490384615384616 0.15384615384615385
8 0.13822115384615385 0.28725961538461536 0.07692307692307693 0.21634615384615385
9 0.21514423076923078 0.7920673076923077 0.08653846153846154 0.17067307692307693
10 0.25 0.13701923076923078 0.057692307692307696 0.11538461538461539
10 0.234375 0.31971153846153844 0.055288461538461536 0.11057692307692307
10 0.23557692307692307 0.4230769230769231 0.06490384615384616 0.11538461538461539
10 0.3401442307692308 0.5552884615384616 0.0625 0.1201923076923077
2 0.7728365384615384 0.2800480769230769 0.09134615384615384 0.21153846153846154
6 0.5649038461538461 0.05889423076923077 0.0625 0.11778846153846154
1 0.49399038461538464 0.20673076923076922 0.06490384615384616 0.16105769230769232
6 0.4987980769230769 0.3269230769230769 0.0673076923076923 0.13221153846153846
3 0.3329326923076923 0.4170673076923077 0.07692307692307693 0.16826923076923078
3 0.21634615384615385 0.6370192307692307 0.07692307692307693 0.16346153846153846
4 0.4026442307692308 0.15144230769230768 0.052884615384615384 0.11538461538461539
4 0.5324519230769231 0.6634615384615384 0.06009615384615385 0.1201923076923077
4 0.6814903846153846 0.3245192307692308 0.055288461538461536 0.11778846153846154
4 0.6033653846153846 0.5324519230769231 0.057692307692307696 0.1201923076923077