12 0.4639423076923077 0.25 0.06971153846153846 0.1346153846153846
8 0.3641826923076923 0.4050480769230769 0.0889423076923077 0.21153846153846154
10 0.44711538461538464 0.33774038461538464 0.0625 0.11538461538461539
10 0.38461538461538464 0.16826923076923078 0.0625 0.11538461538461539
10 0.30408653846153844 0.06971153846153846 0.06009615384615385 0.11057692307692307
10 0.24759615384615385 0.6670673076923077 0.0673076923076923 0.12259615384615384
2 0.6550480769230769 0.7716346153846154 0.0985576923076923 0.21875
6 0.84375 0.8233173076923077 0.09134615384615384 0.14903846153846154
5 0.6189903846153846 0.33413461538461536 0.07932692307692307 0.18990384615384615
4 0.7091346153846154 0.2692307692307692 0.052884615384615384 0.11057692307692307
4 0.5360576923076923 0.34134615384615385 0.055288461538461536 0.11057692307692307
4 0.6334134615384616 0.5637019230769231 0.0625 0.11778846153846154