2 0.7680288461538461 0.28725961538461536 0.0889423076923077 0.19951923076923078
5 0.7980769230769231 0.390625 0.08653846153846154 0.18028846153846154
3 0.8329326923076923 0.53125 0.08173076923076923 0.1346153846153846
3 0.7620192307692307 0.22956730769230768 0.07451923076923077 0.12740384615384615
1 0.8497596153846154 0.6490384615384616 0.07932692307692307 0.14903846153846154
1 0.7283653846153846 0.13822115384615385 0.0625 0.1466346153846154
6 0.7091346153846154 0.06490384615384616 0.0625 0.12259615384615384
6 0.8858173076923077 0.7824519230769231 0.09134615384615384 0.14423076923076922
4 0.7764423076923077 0.7908653846153846 0.0673076923076923 0.11778846153846154
4 0.7463942307692307 0.6466346153846154 0.0625 0.11538461538461539
4 0.7151442307692307 0.5444711538461539 0.06009615384615385 0.11057692307692307
4 0.7019230769230769 0.4254807692307692 0.057692307692307696 0.10576923076923077
4 0.6778846153846154 0.33774038461538464 0.06490384615384616 0.10817307692307693
4 0.6694711538461539 0.2608173076923077 0.057692307692307696 0.10817307692307693
4 0.640625 0.16826923076923078 0.055288461538461536 0.10576923076923077
4 0.6334134615384616 0.07692307692307693 0.05048076923076923 0.10817307692307693
11 0.15745192307692307 0.35697115384615385 0.08413461538461539 0.18509615384615385
8 0.1466346153846154 0.43990384615384615 0.09134615384615384 0.20673076923076922
9 0.14423076923076922 0.27283653846153844 0.07211538461538461 0.12980769230769232
9 0.15384615384615385 0.5817307692307693 0.09134615384615384 0.1466346153846154
7 0.15264423076923078 0.16826923076923078 0.07211538461538461 0.15144230769230768
7 0.14302884615384615 0.7067307692307693 0.08173076923076923 0.15384615384615385
12 0.15985576923076922 0.11177884615384616 0.0673076923076923 0.125
12 0.14783653846153846 0.8569711538461539 0.0889423076923077 0.14903846153846154
10 0.234375 0.10697115384615384 0.057692307692307696 0.10576923076923077
10 0.24519230769230768 0.18629807692307693 0.057692307692307696 0.11057692307692307
10 0.23918269230769232 0.2776442307692308 0.06009615384615385 0.11057692307692307
10 0.2439903846153846 0.3641826923076923 0.0625 0.10817307692307693
10 0.2512019230769231 0.4651442307692308 0.0673076923076923 0.11778846153846154
10 0.25721153846153844 0.8449519230769231 0.07211538461538461 0.11778846153846154
10 0.2512019230769231 0.7019230769230769 0.06971153846153846 0.125
10 0.4375 0.5769230769230769 0.0625 0.1201923076923077