6 0.8521634615384616 0.8076923076923077 0.08413461538461539 0.1466346153846154
2 0.7584134615384616 0.3004807692307692 0.08413461538461539 0.21634615384615385
6 0.7175480769230769 0.07692307692307693 0.06009615384615385 0.12980769230769232
5 0.49759615384615385 0.4362980769230769 0.06490384615384616 0.1875
3 0.6262019230769231 0.6790865384615384 0.06971153846153846 0.15865384615384615
3 0.578125 0.34134615384615385 0.06009615384615385 0.1466346153846154
4 0.7415865384615384 0.8112980769230769 0.0625 0.125
4 0.5925480769230769 0.5564903846153846 0.055288461538461536 0.11057692307692307
4 0.5276442307692307 0.6923076923076923 0.057692307692307696 0.11538461538461539
4 0.671875 0.35096153846153844 0.055288461538461536 0.11298076923076923
4 0.49038461538461536 0.2692307692307692 0.057692307692307696 0.11298076923076923
4 0.5528846153846154 0.171875 0.055288461538461536 0.11057692307692307
1 0.6322115384615384 0.07091346153846154 0.057692307692307696 0.14182692307692307
1 0.33052884615384615 0.5649038461538461 0.0625 0.15384615384615385
7 0.140625 0.15504807692307693 0.0673076923076923 0.14903846153846154
12 0.15264423076923078 0.09134615384615384 0.055288461538461536 0.125
8 0.12139423076923077 0.421875 0.08413461538461539 0.2091346153846154
11 0.3088942307692308 0.14783653846153846 0.06971153846153846 0.18990384615384615
9 0.31850961538461536 0.3425480769230769 0.0673076923076923 0.14182692307692307
9 0.12379807692307693 0.5709134615384616 0.08173076923076923 0.14423076923076922
7 0.10697115384615384 0.6935096153846154 0.07692307692307693 0.15384615384615385
10 0.21995192307692307 0.7007211538461539 0.06009615384615385 0.1201923076923077
10 0.22355769230769232 0.4579326923076923 0.0673076923076923 0.11538461538461539
10 0.22115384615384615 0.35216346153846156 0.055288461538461536 0.11778846153846154
10 0.23317307692307693 0.17548076923076922 0.057692307692307696 0.11538461538461539
10 0.3798076923076923 0.0829326923076923 0.052884615384615384 0.11298076923076923
10 0.3894230769230769 0.2512019230769231 0.055288461538461536 0.11057692307692307