6 0.13822115384615385 0.7872596153846154 0.08173076923076923 0.14182692307692307
2 0.2283653846153846 0.2980769230769231 0.07932692307692307 0.2091346153846154
6 0.26802884615384615 0.08173076923076923 0.057692307692307696 0.125
5 0.4795673076923077 0.42908653846153844 0.0625 0.18028846153846154
3 0.3557692307692308 0.6634615384615384 0.0673076923076923 0.15144230769230768
3 0.4014423076923077 0.33774038461538464 0.06009615384615385 0.14182692307692307
4 0.24519230769230768 0.7896634615384616 0.06009615384615385 0.1201923076923077
4 0.38822115384615385 0.5432692307692307 0.052884615384615384 0.10817307692307693
4 0.45072115384615385 0.6742788461538461 0.055288461538461536 0.11298076923076923
4 0.3125 0.3473557692307692 0.052884615384615384 0.10817307692307693
4 0.48677884615384615 0.26802884615384615 0.055288461538461536 0.11057692307692307
4 0.4266826923076923 0.17427884615384615 0.052884615384615384 0.10817307692307693
1 0.34975961538461536 0.07692307692307693 0.055288461538461536 0.13942307692307693
1 0.640625 0.5528846153846154 0.06009615384615385 0.1466346153846154
7 0.8245192307692307 0.15865384615384615 0.06490384615384616 0.14182692307692307
12 0.8125 0.09495192307692307 0.055288461538461536 0.1201923076923077
8 0.8425480769230769 0.41586538461538464 0.07932692307692307 0.20192307692307693
11 0.6622596153846154 0.1502403846153846 0.0673076923076923 0.18269230769230768
9 0.6526442307692307 0.33774038461538464 0.0625 0.13701923076923078
9 0.8401442307692307 0.5588942307692307 0.07692307692307693 0.13942307692307693
7 0.8557692307692307 0.6766826923076923 0.07451923076923077 0.14903846153846154
10 0.7475961538461539 0.6838942307692307 0.057692307692307696 0.11538461538461539
10 0.7439903846153846 0.45072115384615385 0.06490384615384616 0.11057692307692307
10 0.7451923076923077 0.3485576923076923 0.052884615384615384 0.11298076923076923
10 0.734375 0.17668269230769232 0.055288461538461536 0.11057692307692307
10 0.5925480769230769 0.08774038461538461 0.05048076923076923 0.10817307692307693
10 0.5841346153846154 0.25 0.052884615384615384 0.10817307692307693