12 0.6862980769230769 0.7908653846153846 0.08173076923076923 0.15384615384615385
6 0.8966346153846154 0.7860576923076923 0.08413461538461539 0.14903846153846154
2 0.7644230769230769 0.6382211538461539 0.09615384615384616 0.22596153846153846
5 0.6141826923076923 0.3125 0.08173076923076923 0.19230769230769232
4 0.6995192307692307 0.23317307692307693 0.055288461538461536 0.11298076923076923
4 0.6490384615384616 0.5492788461538461 0.0625 0.125
4 0.5264423076923077 0.32572115384615385 0.057692307692307696 0.11057692307692307
6 0.27163461538461536 0.5540865384615384 0.07211538461538461 0.15384615384615385
8 0.359375 0.4098557692307692 0.08653846153846154 0.2091346153846154
12 0.16466346153846154 0.25 0.07451923076923077 0.13701923076923078
10 0.4375 0.3317307692307692 0.057692307692307696 0.11778846153846154
10 0.3545673076923077 0.16947115384615385 0.055288461538461536 0.11778846153846154
10 0.25721153846153844 0.06971153846153846 0.057692307692307696 0.11298076923076923
10 0.2644230769230769 0.6911057692307693 0.0673076923076923 0.11778846153846154