12 0.31490384615384615 0.7632211538461539 0.08173076923076923 0.15144230769230768
6 0.10697115384615384 0.7548076923076923 0.08653846153846154 0.1466346153846154
2 0.24158653846153846 0.6141826923076923 0.09615384615384616 0.22115384615384615
5 0.3942307692307692 0.296875 0.08173076923076923 0.1875
4 0.3112980769230769 0.21754807692307693 0.055288461538461536 0.11298076923076923
4 0.3557692307692308 0.5288461538461539 0.0625 0.12259615384615384
4 0.47836538461538464 0.3125 0.057692307692307696 0.11057692307692307
6 0.7247596153846154 0.5396634615384616 0.07451923076923077 0.15144230769230768
8 0.640625 0.39663461538461536 0.0889423076923077 0.20673076923076922
12 0.8353365384615384 0.24278846153846154 0.07692307692307693 0.1346153846153846
10 0.5649038461538461 0.31971153846153844 0.057692307692307696 0.11538461538461539
10 0.6490384615384616 0.1622596153846154 0.055288461538461536 0.11538461538461539
10 0.7451923076923077 0.06610576923076923 0.057692307692307696 0.11057692307692307
10 0.7283653846153846 0.6742788461538461 0.0673076923076923 0.11778846153846154