6 0.5564903846153846 0.04567307692307692 0.06009615384615385 0.09134615384615384
6 0.8473557692307693 0.7175480769230769 0.08413461538461539 0.14903846153846154
2 0.78125 0.33774038461538464 0.0889423076923077 0.21153846153846154
5 0.5757211538461539 0.2620192307692308 0.07932692307692307 0.18269230769230768
4 0.6418269230769231 0.10576923076923077 0.05048076923076923 0.10817307692307693
4 0.65625 0.19110576923076922 0.052884615384615384 0.11538461538461539
4 0.6862980769230769 0.37259615384615385 0.06009615384615385 0.1201923076923077
4 0.609375 0.4855769230769231 0.057692307692307696 0.11538461538461539
4 0.49158653846153844 0.27524038461538464 0.06009615384615385 0.11538461538461539
4 0.484375 0.039663461538461536 0.05048076923076923 0.07932692307692307
3 0.5637019230769231 0.09735576923076923 0.057692307692307696 0.14182692307692307
3 0.41225961538461536 0.375 0.07932692307692307 0.14903846153846154
11 0.328125 0.27524038461538464 0.08173076923076923 0.18028846153846154
12 0.15985576923076922 0.05048076923076923 0.06490384615384616 0.07692307692307693
12 0.234375 0.7487980769230769 0.07932692307692307 0.1466346153846154
8 0.12860576923076922 0.35216346153846156 0.0889423076923077 0.2091346153846154
7 0.11899038461538461 0.4831730769230769 0.08413461538461539 0.1466346153846154
9 0.33052884615384615 0.16947115384615385 0.06971153846153846 0.14423076923076922
9 0.1346153846153846 0.6081730769230769 0.08653846153846154 0.15384615384615385
10 0.4074519230769231 0.2764423076923077 0.057692307692307696 0.11298076923076923
10 0.2403846153846154 0.04447115384615385 0.05048076923076923 0.07211538461538461
10 0.24639423076923078 0.1935096153846154 0.055288461538461536 0.11538461538461539
10 0.23798076923076922 0.6117788461538461 0.0673076923076923 0.12980769230769232
10 0.4326923076923077 0.7319711538461539 0.0673076923076923 0.125