6 0.6081730769230769 0.07692307692307693 0.0673076923076923 0.13221153846153846
6 0.8112980769230769 0.7920673076923077 0.09134615384615384 0.15144230769230768
2 0.7920673076923077 0.4098557692307692 0.0985576923076923 0.21394230769230768
5 0.5985576923076923 0.31009615384615385 0.08653846153846154 0.18509615384615385
4 0.6814903846153846 0.1622596153846154 0.055288461538461536 0.11057692307692307
4 0.6875 0.2512019230769231 0.057692307692307696 0.11538461538461539
4 0.6947115384615384 0.4326923076923077 0.06490384615384616 0.12259615384615384
4 0.6045673076923077 0.5348557692307693 0.0625 0.11778846153846154
4 0.5144230769230769 0.3125 0.06490384615384616 0.11538461538461539
4 0.5360576923076923 0.0673076923076923 0.057692307692307696 0.10817307692307693
3 0.6057692307692307 0.1466346153846154 0.0625 0.14423076923076922
3 0.42427884615384615 0.4026442307692308 0.08413461538461539 0.15144230769230768
11 0.35336538461538464 0.2932692307692308 0.0889423076923077 0.18269230769230768
12 0.21394230769230768 0.04567307692307692 0.07211538461538461 0.09134615384615384
12 0.20192307692307693 0.7487980769230769 0.08653846153846154 0.14903846153846154
8 0.14543269230769232 0.3449519230769231 0.0985576923076923 0.21153846153846154
7 0.12139423076923077 0.4723557692307692 0.09134615384615384 0.15144230769230768
9 0.36778846153846156 0.18870192307692307 0.07451923076923077 0.1466346153846154
9 0.12139423076923077 0.5973557692307693 0.09375 0.15625
10 0.43028846153846156 0.30288461538461536 0.06009615384615385 0.11538461538461539
10 0.2932692307692308 0.04567307692307692 0.057692307692307696 0.09134615384615384
10 0.2824519230769231 0.20192307692307693 0.06009615384615385 0.11778846153846154
10 0.22235576923076922 0.6141826923076923 0.07211538461538461 0.13221153846153846
10 0.40024038461538464 0.7572115384615384 0.07451923076923077 0.12740384615384615