2 0.22235576923076922 0.3245192307692308 0.09134615384615384 0.20432692307692307
6 0.7355769230769231 0.06009615384615385 0.0625 0.1201923076923077
8 0.8497596153846154 0.296875 0.0889423076923077 0.21875
12 0.5709134615384616 0.3425480769230769 0.055288461538461536 0.12980769230769232
7 0.5709134615384616 0.4362980769230769 0.06971153846153846 0.1466346153846154
10 0.6646634615384616 0.5661057692307693 0.0625 0.11538461538461539
10 0.734375 0.15865384615384615 0.055288461538461536 0.11538461538461539
10 0.7548076923076923 0.3329326923076923 0.06009615384615385 0.11778846153846154
4 0.6682692307692307 0.44350961538461536 0.06009615384615385 0.11298076923076923
4 0.41466346153846156 0.34975961538461536 0.05048076923076923 0.11298076923076923
4 0.47596153846153844 0.6802884615384616 0.057692307692307696 0.12259615384615384