5 0.5853365384615384 0.2932692307692308 0.08173076923076923 0.17548076923076922
2 0.7800480769230769 0.3557692307692308 0.0985576923076923 0.20432692307692307
6 0.8497596153846154 0.7067307692307693 0.08413461538461539 0.15625
6 0.5612980769230769 0.057692307692307696 0.057692307692307696 0.11538461538461539
3 0.5709134615384616 0.12980769230769232 0.06971153846153846 0.13221153846153846
3 0.4362980769230769 0.3954326923076923 0.07451923076923077 0.14423076923076922
4 0.6466346153846154 0.13822115384615385 0.05048076923076923 0.10336538461538461
4 0.6622596153846154 0.22115384615384615 0.052884615384615384 0.10817307692307693
4 0.6935096153846154 0.390625 0.057692307692307696 0.1201923076923077
4 0.625 0.4963942307692308 0.0625 0.11538461538461539
4 0.5048076923076923 0.3016826923076923 0.057692307692307696 0.10817307692307693
4 0.49759615384615385 0.06610576923076923 0.055288461538461536 0.11057692307692307
11 0.35096153846153844 0.3016826923076923 0.08173076923076923 0.17307692307692307
7 0.25240384615384615 0.39302884615384615 0.07451923076923077 0.15384615384615385
12 0.3485576923076923 0.1971153846153846 0.0673076923076923 0.13942307692307693
12 0.17067307692307693 0.6177884615384616 0.08413461538461539 0.15865384615384615
8 0.1622596153846154 0.3858173076923077 0.09134615384615384 0.2091346153846154
12 0.18028846153846154 0.06971153846153846 0.06971153846153846 0.11057692307692307
12 0.2644230769230769 0.7548076923076923 0.08413461538461539 0.1466346153846154
10 0.25961538461538464 0.06971153846153846 0.055288461538461536 0.10336538461538461
10 0.2692307692307692 0.6262019230769231 0.0625 0.1201923076923077
10 0.27403846153846156 0.23076923076923078 0.0625 0.11538461538461539
10 0.42427884615384615 0.30528846153846156 0.057692307692307696 0.11057692307692307
10 0.4579326923076923 0.7391826923076923 0.06490384615384616 0.125