5 0.18870192307692307 0.2704326923076923 0.08173076923076923 0.16826923076923078
2 0.18389423076923078 0.3485576923076923 0.09134615384615384 0.20432692307692307
1 0.20432692307692307 0.1814903846153846 0.06490384615384616 0.13701923076923078
1 0.1778846153846154 0.484375 0.07211538461538461 0.14423076923076922
3 0.21754807692307693 0.09735576923076923 0.0673076923076923 0.125
3 0.15865384615384615 0.6069711538461539 0.08653846153846154 0.1346153846153846
6 0.21995192307692307 0.04567307692307692 0.055288461538461536 0.06490384615384616
6 0.14903846153846154 0.7451923076923077 0.08413461538461539 0.13942307692307693
4 0.31009615384615385 0.037259615384615384 0.04807692307692308 0.057692307692307696
4 0.30528846153846156 0.0985576923076923 0.04807692307692308 0.10576923076923077
4 0.2980769230769231 0.1875 0.05048076923076923 0.10576923076923077
4 0.2920673076923077 0.2776442307692308 0.052884615384615384 0.10817307692307693
4 0.2848557692307692 0.3798076923076923 0.057692307692307696 0.10336538461538461
4 0.27524038461538464 0.49158653846153844 0.055288461538461536 0.11778846153846154
4 0.2668269230769231 0.6081730769230769 0.06009615384615385 0.11298076923076923
4 0.25961538461538464 0.7391826923076923 0.0625 0.11298076923076923
11 0.8233173076923077 0.21754807692307693 0.07692307692307693 0.18509615384615385
8 0.8449519230769231 0.3088942307692308 0.08413461538461539 0.20673076923076922
7 0.8665865384615384 0.4423076923076923 0.06971153846153846 0.14903846153846154
7 0.8161057692307693 0.13942307692307693 0.0625 0.14182692307692307
9 0.8016826923076923 0.06009615384615385 0.06490384615384616 0.1201923076923077
9 0.8786057692307693 0.5853365384615384 0.07932692307692307 0.14423076923076922
10 0.7800480769230769 0.7151442307692307 0.0673076923076923 0.11538461538461539
10 0.765625 0.5841346153846154 0.07211538461538461 0.11298076923076923
10 0.7560096153846154 0.47475961538461536 0.0625 0.10817307692307693
10 0.7367788461538461 0.36538461538461536 0.06009615384615385 0.11057692307692307
10 0.7307692307692307 0.25721153846153844 0.0625 0.10817307692307693
10 0.7175480769230769 0.1658653846153846 0.052884615384615384 0.10336538461538461
10 0.7115384615384616 0.0733173076923077 0.052884615384615384 0.09615384615384616
10 0.7079326923076923 0.020432692307692308 0.05048076923076923 0.040865384615384616
12 0.7920673076923077 0.016826923076923076 0.055288461538461536 0.03365384615384615
12 0.8990384615384616 0.7139423076923077 0.08173076923076923 0.15384615384615385