2 0.7560096153846154 0.5769230769230769 0.0985576923076923 0.20673076923076922
6 0.8822115384615384 0.7127403846153846 0.07932692307692307 0.1466346153846154
12 0.6790865384615384 0.7091346153846154 0.07692307692307693 0.1466346153846154
9 0.5096153846153846 0.11778846153846154 0.06009615384615385 0.14423076923076922
5 0.609375 0.27403846153846156 0.08413461538461539 0.18509615384615385
4 0.6850961538461539 0.20432692307692307 0.052884615384615384 0.10817307692307693
4 0.7199519230769231 0.38341346153846156 0.0625 0.11057692307692307
4 0.6490384615384616 0.4879807692307692 0.06009615384615385 0.11298076923076923
4 0.5288461538461539 0.28846153846153844 0.057692307692307696 0.11298076923076923
3 0.45552884615384615 0.3858173076923077 0.07211538461538461 0.14182692307692307
10 0.44591346153846156 0.29086538461538464 0.055288461538461536 0.10576923076923077
11 0.36899038461538464 0.2848557692307692 0.08173076923076923 0.1778846153846154
8 0.2776442307692308 0.3641826923076923 0.08653846153846154 0.20192307692307693
12 0.20192307692307693 0.06370192307692307 0.0673076923076923 0.09375
10 0.2764423076923077 0.055288461538461536 0.052884615384615384 0.08413461538461539
10 0.28966346153846156 0.2091346153846154 0.06009615384615385 0.11057692307692307
10 0.28365384615384615 0.6165865384615384 0.0673076923076923 0.11778846153846154