2 0.27524038461538464 0.6033653846153846 0.09134615384615384 0.21153846153846154
6 0.15144230769230768 0.7548076923076923 0.07211538461538461 0.14903846153846154
12 0.36538461538461536 0.7355769230769231 0.07211538461538461 0.14903846153846154
9 0.5 0.10096153846153846 0.052884615384615384 0.14903846153846154
5 0.40625 0.27403846153846156 0.07451923076923077 0.18990384615384615
4 0.32091346153846156 0.20552884615384615 0.04807692307692308 0.11057692307692307
4 0.2980769230769231 0.39663461538461536 0.057692307692307696 0.11298076923076923
4 0.38100961538461536 0.5024038461538461 0.055288461538461536 0.11538461538461539
4 0.49278846153846156 0.2824519230769231 0.052884615384615384 0.11538461538461539
3 0.5757211538461539 0.38100961538461536 0.0673076923076923 0.14423076923076922
10 0.5793269230769231 0.27884615384615385 0.052884615384615384 0.10817307692307693
11 0.6598557692307693 0.26802884615384615 0.07451923076923077 0.18269230769230768
8 0.7620192307692307 0.34375 0.07692307692307693 0.2091346153846154
12 0.8185096153846154 0.03485576923076923 0.06490384615384616 0.0673076923076923
10 0.7391826923076923 0.03125 0.04807692307692308 0.0625
10 0.7379807692307693 0.1814903846153846 0.052884615384615384 0.11057692307692307
10 0.7740384615384616 0.6081730769230769 0.0625 0.1201923076923077