6 0.6754807692307693 0.8173076923076923 0.08173076923076923 0.14903846153846154
6 0.890625 0.8305288461538461 0.08413461538461539 0.15144230769230768
2 0.7596153846153846 0.6790865384615384 0.10096153846153846 0.21875
5 0.6298076923076923 0.34375 0.0673076923076923 0.1875
4 0.7199519230769231 0.2704326923076923 0.055288461538461536 0.12259615384615384
4 0.6574519230769231 0.5829326923076923 0.0625 0.12740384615384615
4 0.5408653846153846 0.35697115384615385 0.052884615384615384 0.11538461538461539
3 0.2800480769230769 0.5673076923076923 0.07932692307692307 0.15384615384615385
8 0.27524038461538464 0.43028846153846156 0.07932692307692307 0.21394230769230768
10 0.265625 0.7043269230769231 0.0625 0.11778846153846154
12 0.1875 0.25721153846153844 0.06971153846153846 0.125
10 0.29086538461538464 0.08653846153846154 0.055288461538461536 0.11057692307692307
10 0.3798076923076923 0.18509615384615385 0.055288461538461536 0.11538461538461539
10 0.4579326923076923 0.359375 0.055288461538461536 0.11778846153846154