6 0.3245192307692308 0.7728365384615384 0.08653846153846154 0.14903846153846154
6 0.1141826923076923 0.7680288461538461 0.0889423076923077 0.15144230769230768
2 0.2548076923076923 0.6322115384615384 0.10817307692307693 0.21634615384615385
5 0.40865384615384615 0.3173076923076923 0.07692307692307693 0.18509615384615385
4 0.3269230769230769 0.2403846153846154 0.057692307692307696 0.12259615384615384
4 0.36177884615384615 0.5480769230769231 0.0673076923076923 0.12740384615384615
4 0.49278846153846156 0.33774038461538464 0.057692307692307696 0.11538461538461539
3 0.7283653846153846 0.5649038461538461 0.08413461538461539 0.15384615384615385
8 0.7451923076923077 0.43149038461538464 0.0889423076923077 0.21153846153846154
10 0.7307692307692307 0.6995192307692307 0.0673076923076923 0.11778846153846154
12 0.84375 0.27163461538461536 0.07451923076923077 0.125
10 0.7584134615384616 0.09735576923076923 0.06009615384615385 0.11057692307692307
10 0.6658653846153846 0.18629807692307693 0.06009615384615385 0.11298076923076923
10 0.5745192307692307 0.34975961538461536 0.06009615384615385 0.11778846153846154