3 0.4519230769230769 0.41466346153846156 0.07692307692307693 0.1466346153846154
4 0.5072115384615384 0.0625 0.057692307692307696 0.11298076923076923
6 0.8930288461538461 0.7427884615384616 0.0985576923076923 0.15384615384615385
2 0.8377403846153846 0.4831730769230769 0.10817307692307693 0.21634615384615385
5 0.6069711538461539 0.2932692307692308 0.08173076923076923 0.1971153846153846
4 0.71875 0.40625 0.06009615384615385 0.11538461538461539
4 0.6838942307692307 0.22355769230769232 0.055288461538461536 0.11298076923076923
4 0.5204326923076923 0.3137019230769231 0.06009615384615385 0.11057692307692307
4 0.6478365384615384 0.515625 0.0625 0.11778846153846154
12 0.6826923076923077 0.7391826923076923 0.0889423076923077 0.15625
12 0.1814903846153846 0.08052884615384616 0.06971153846153846 0.12259615384615384
11 0.3581730769230769 0.3137019230769231 0.07451923076923077 0.1875
8 0.2668269230769231 0.4026442307692308 0.09134615384615384 0.21153846153846154
7 0.46274038461538464 0.6298076923076923 0.07451923076923077 0.15625
9 0.5 0.13581730769230768 0.06490384615384616 0.14182692307692307
9 0.36778846153846156 0.5264423076923077 0.07692307692307693 0.15384615384615385
10 0.4362980769230769 0.3137019230769231 0.06009615384615385 0.11298076923076923
10 0.25721153846153844 0.06971153846153846 0.057692307692307696 0.11057692307692307
10 0.27403846153846156 0.23798076923076922 0.057692307692307696 0.11778846153846154
10 0.2764423076923077 0.6550480769230769 0.06971153846153846 0.12740384615384615