2 0.23677884615384615 0.27283653846153844 0.0985576923076923 0.21875
1 0.4170673076923077 0.14302884615384615 0.06971153846153846 0.1466346153846154
6 0.45072115384615385 0.06490384615384616 0.06490384615384616 0.12980769230769232
6 0.5144230769230769 0.15625 0.06971153846153846 0.1346153846153846
4 0.3173076923076923 0.3233173076923077 0.057692307692307696 0.11778846153846154
4 0.22956730769230768 0.7680288461538461 0.07211538461538461 0.125
4 0.38221153846153844 0.5252403846153846 0.06490384615384616 0.12740384615384615
4 0.43990384615384615 0.6586538461538461 0.07211538461538461 0.1346153846153846
4 0.5997596153846154 0.17427884615384615 0.057692307692307696 0.11057692307692307
3 0.5721153846153846 0.24759615384615385 0.07692307692307693 0.14423076923076922
3 0.7403846153846154 0.65625 0.09134615384615384 0.15865384615384615
8 0.8413461538461539 0.4266826923076923 0.09615384615384616 0.21394230769230768
7 0.8377403846153846 0.1658653846153846 0.08413461538461539 0.14903846153846154
7 0.6442307692307693 0.43028846153846156 0.07932692307692307 0.15625
12 0.828125 0.109375 0.07451923076923077 0.14182692307692307
11 0.6766826923076923 0.15144230769230768 0.08413461538461539 0.1875
9 0.7427884615384616 0.8088942307692307 0.09134615384615384 0.17307692307692307
10 0.7463942307692307 0.17067307692307693 0.0625 0.11778846153846154
10 0.75 0.3485576923076923 0.0673076923076923 0.11057692307692307
10 0.7415865384615384 0.4483173076923077 0.07451923076923077 0.12259615384615384
10 0.6358173076923077 0.5757211538461539 0.07211538461538461 0.13221153846153846