2 0.2127403846153846 0.28725961538461536 0.09134615384615384 0.22355769230769232
1 0.39302884615384615 0.14182692307692307 0.06490384615384616 0.14903846153846154
6 0.42427884615384615 0.06370192307692307 0.06009615384615385 0.12740384615384615
6 0.49399038461538464 0.1502403846153846 0.0625 0.1346153846153846
4 0.29927884615384615 0.33413461538461536 0.052884615384615384 0.11778846153846154
4 0.23197115384615385 0.7992788461538461 0.0673076923076923 0.12740384615384615
4 0.3762019230769231 0.5408653846153846 0.06009615384615385 0.12980769230769232
4 0.44350961538461536 0.6754807692307693 0.0673076923076923 0.1346153846153846
4 0.5841346153846154 0.16466346153846154 0.052884615384615384 0.11057692307692307
3 0.5588942307692307 0.24158653846153846 0.07211538461538461 0.14423076923076922
3 0.7560096153846154 0.6574519230769231 0.0889423076923077 0.16105769230769232
8 0.8473557692307693 0.41346153846153844 0.0889423076923077 0.21875
7 0.8305288461538461 0.14302884615384615 0.07932692307692307 0.15384615384615385
7 0.6442307692307693 0.42788461538461536 0.07451923076923077 0.15865384615384615
12 0.8173076923076923 0.08653846153846154 0.07211538461538461 0.14182692307692307
11 0.6610576923076923 0.13701923076923078 0.07692307692307693 0.19230769230769232
9 0.7644230769230769 0.8137019230769231 0.08413461538461539 0.17548076923076922
10 0.7355769230769231 0.15264423076923078 0.057692307692307696 0.1201923076923077
10 0.7487980769230769 0.33774038461538464 0.0625 0.11057692307692307
10 0.7463942307692307 0.4411057692307692 0.07211538461538461 0.12259615384615384
10 0.6430288461538461 0.5793269230769231 0.0673076923076923 0.1346153846153846