5 0.1971153846153846 0.390625 0.08413461538461539 0.18269230769230768
2 0.22355769230769232 0.2860576923076923 0.08413461538461539 0.18990384615384615
3 0.22956730769230768 0.22596153846153846 0.07211538461538461 0.12740384615384615
3 0.16826923076923078 0.53125 0.08413461538461539 0.12740384615384615
1 0.25600961538461536 0.1346153846153846 0.057692307692307696 0.14182692307692307
1 0.15504807692307693 0.6490384615384616 0.07211538461538461 0.13942307692307693
6 0.2800480769230769 0.06009615384615385 0.06009615384615385 0.1201923076923077
6 0.125 0.7824519230769231 0.08173076923076923 0.13701923076923078
4 0.23317307692307693 0.7872596153846154 0.06490384615384616 0.11778846153846154
4 0.2608173076923077 0.6430288461538461 0.06971153846153846 0.11778846153846154
4 0.29086538461538464 0.5360576923076923 0.06009615384615385 0.10817307692307693
4 0.296875 0.41947115384615385 0.057692307692307696 0.10576923076923077
4 0.3112980769230769 0.3317307692307692 0.052884615384615384 0.10336538461538461
4 0.32091346153846156 0.2512019230769231 0.052884615384615384 0.10576923076923077
4 0.3425480769230769 0.15745192307692307 0.04567307692307692 0.10096153846153846
4 0.35096153846153844 0.06971153846153846 0.04567307692307692 0.10576923076923077
11 0.8377403846153846 0.3293269230769231 0.07451923076923077 0.1778846153846154
8 0.8521634615384616 0.41466346153846156 0.08173076923076923 0.20432692307692307
9 0.8473557692307693 0.24519230769230768 0.07211538461538461 0.1201923076923077
9 0.8473557692307693 0.5576923076923077 0.07451923076923077 0.13942307692307693
7 0.8353365384615384 0.14783653846153846 0.0625 0.14182692307692307
7 0.8605769230769231 0.6826923076923077 0.07451923076923077 0.1466346153846154
12 0.8269230769230769 0.0829326923076923 0.06009615384615385 0.125
12 0.8677884615384616 0.8293269230769231 0.07932692307692307 0.14423076923076922
10 0.7536057692307693 0.0829326923076923 0.05048076923076923 0.10336538461538461
10 0.7463942307692307 0.1658653846153846 0.05048076923076923 0.10576923076923077
10 0.7560096153846154 0.2548076923076923 0.05048076923076923 0.10576923076923077
10 0.75 0.3389423076923077 0.055288461538461536 0.10336538461538461
10 0.7487980769230769 0.44350961538461536 0.057692307692307696 0.11057692307692307
10 0.7512019230769231 0.5588942307692307 0.057692307692307696 0.11298076923076923
10 0.7560096153846154 0.6850961538461539 0.06009615384615385 0.11538461538461539
10 0.7572115384615384 0.8245192307692307 0.06971153846153846 0.11538461538461539