5 0.8064903846153846 0.40625 0.08173076923076923 0.18269230769230768
2 0.7860576923076923 0.3004807692307692 0.08173076923076923 0.1875
3 0.7836538461538461 0.2403846153846154 0.06971153846153846 0.125
3 0.828125 0.5492788461538461 0.08173076923076923 0.12740384615384615
1 0.7608173076923077 0.14783653846153846 0.055288461538461536 0.13942307692307693
1 0.8353365384615384 0.6670673076923077 0.06971153846153846 0.13701923076923078
6 0.7415865384615384 0.06850961538461539 0.057692307692307696 0.12980769230769232
6 0.8581730769230769 0.8016826923076923 0.07932692307692307 0.1346153846153846
4 0.7512019230769231 0.8016826923076923 0.0625 0.11538461538461539
4 0.7307692307692307 0.6550480769230769 0.0673076923076923 0.11778846153846154
4 0.7055288461538461 0.546875 0.057692307692307696 0.10817307692307693
4 0.7043269230769231 0.43028846153846156 0.055288461538461536 0.10336538461538461
4 0.6959134615384616 0.3425480769230769 0.052884615384615384 0.10336538461538461
4 0.6911057692307693 0.2608173076923077 0.05048076923076923 0.10336538461538461
4 0.6730769230769231 0.1658653846153846 0.04567307692307692 0.10096153846153846
4 0.6694711538461539 0.078125 0.04567307692307692 0.10336538461538461
11 0.17067307692307693 0.3112980769230769 0.06971153846153846 0.1778846153846154
8 0.15144230769230768 0.39663461538461536 0.07932692307692307 0.20432692307692307
9 0.1658653846153846 0.22716346153846154 0.06971153846153846 0.1201923076923077
9 0.14783653846153846 0.5396634615384616 0.07211538461538461 0.13701923076923078
7 0.1814903846153846 0.12980769230769232 0.06009615384615385 0.13942307692307693
7 0.12860576923076922 0.6634615384615384 0.07211538461538461 0.14423076923076922
12 0.1935096153846154 0.06610576923076923 0.057692307692307696 0.125
12 0.1141826923076923 0.8088942307692307 0.07692307692307693 0.14423076923076922
10 0.265625 0.07091346153846154 0.04807692307692308 0.10336538461538461
10 0.2704326923076923 0.15384615384615385 0.04807692307692308 0.10576923076923077
10 0.25600961538461536 0.24158653846153846 0.04807692307692308 0.10576923076923077
10 0.25721153846153844 0.32572115384615385 0.052884615384615384 0.10096153846153846
10 0.2536057692307692 0.43028846153846156 0.055288461538461536 0.10817307692307693
10 0.2439903846153846 0.5456730769230769 0.055288461538461536 0.11057692307692307
10 0.23317307692307693 0.6706730769230769 0.057692307692307696 0.11538461538461539
10 0.2247596153846154 0.8100961538461539 0.0673076923076923 0.11298076923076923