7 0.4639423076923077 0.40865384615384615 0.07932692307692307 0.15144230769230768
12 0.4579326923076923 0.3125 0.06490384615384616 0.13942307692307693
9 0.4651442307692308 0.6346153846153846 0.07932692307692307 0.16826923076923078
8 0.1814903846153846 0.265625 0.09375 0.22355769230769232
11 0.3713942307692308 0.10576923076923077 0.07932692307692307 0.1875
10 0.2980769230769231 0.125 0.0625 0.11778846153846154
10 0.2764423076923077 0.30288461538461536 0.06490384615384616 0.11538461538461539
10 0.36899038461538464 0.5432692307692307 0.057692307692307696 0.125
6 0.2980769230769231 0.04567307692307692 0.052884615384615384 0.09134615384615384
3 0.36538461538461536 0.39302884615384615 0.06971153846153846 0.16346153846153846
2 0.8112980769230769 0.2800480769230769 0.0985576923076923 0.21153846153846154
4 0.44350961538461536 0.5192307692307693 0.0625 0.11538461538461539
4 0.6177884615384616 0.31971153846153844 0.06009615384615385 0.1201923076923077
4 0.5588942307692307 0.6526442307692307 0.06490384615384616 0.12740384615384615