6 0.8774038461538461 0.7475961538461539 0.08413461538461539 0.14423076923076922
2 0.7644230769230769 0.5949519230769231 0.09375 0.21634615384615385
5 0.6490384615384616 0.26802884615384615 0.07211538461538461 0.1778846153846154
4 0.7355769230769231 0.20192307692307693 0.052884615384615384 0.11057692307692307
4 0.7463942307692307 0.38822115384615385 0.057692307692307696 0.11057692307692307
4 0.6634615384615384 0.4891826923076923 0.06009615384615385 0.11298076923076923
4 0.5625 0.2692307692307692 0.057692307692307696 0.11057692307692307
3 0.47716346153846156 0.35697115384615385 0.06490384615384616 0.14423076923076922
7 0.4675480769230769 0.5793269230769231 0.06971153846153846 0.15144230769230768
11 0.39663461538461536 0.24759615384615385 0.07451923076923077 0.18509615384615385
8 0.29927884615384615 0.32211538461538464 0.08173076923076923 0.20673076923076922
9 0.38461538461538464 0.4567307692307692 0.06971153846153846 0.15144230769230768
10 0.47836538461538464 0.2644230769230769 0.052884615384615384 0.10817307692307693
10 0.3269230769230769 0.16105769230769232 0.052884615384615384 0.11057692307692307
10 0.28125 0.5793269230769231 0.0625 0.1201923076923077
10 0.33052884615384615 0.025240384615384616 0.05048076923076923 0.05048076923076923
12 0.25 0.02403846153846154 0.0625 0.04807692307692308
12 0.6742788461538461 0.7175480769230769 0.07692307692307693 0.15625