6 0.11298076923076923 0.734375 0.08413461538461539 0.14182692307692307
2 0.234375 0.5913461538461539 0.09375 0.21394230769230768
5 0.3701923076923077 0.2800480769230769 0.06971153846153846 0.17307692307692307
4 0.28966346153846156 0.2091346153846154 0.052884615384615384 0.11057692307692307
4 0.265625 0.390625 0.057692307692307696 0.11057692307692307
4 0.34134615384615385 0.4951923076923077 0.06009615384615385 0.11057692307692307
4 0.45552884615384615 0.2860576923076923 0.057692307692307696 0.10817307692307693
3 0.5324519230769231 0.3798076923076923 0.06490384615384616 0.14182692307692307
7 0.5276442307692307 0.5985576923076923 0.0673076923076923 0.14903846153846154
11 0.6189903846153846 0.2764423076923077 0.07451923076923077 0.18028846153846154
8 0.7103365384615384 0.35697115384615385 0.08173076923076923 0.20192307692307693
9 0.6177884615384616 0.4831730769230769 0.0673076923076923 0.14903846153846154
10 0.5384615384615384 0.28725961538461536 0.052884615384615384 0.10576923076923077
10 0.6947115384615384 0.19591346153846154 0.05048076923076923 0.11057692307692307
10 0.7115384615384616 0.609375 0.0625 0.11778846153846154
10 0.6995192307692307 0.04807692307692308 0.05048076923076923 0.08413461538461539
12 0.7788461538461539 0.05048076923076923 0.0625 0.08173076923076923
12 0.31490384615384615 0.7199519230769231 0.07692307692307693 0.15384615384615385