8 0.14903846153846154 0.3125 0.09615384615384616 0.22115384615384615
10 0.25600961538461536 0.17427884615384615 0.06490384615384616 0.11298076923076923
10 0.24879807692307693 0.35096153846153844 0.06971153846153846 0.12259615384615384
12 0.43028846153846156 0.3329326923076923 0.06971153846153846 0.14423076923076922
7 0.4423076923076923 0.4362980769230769 0.07451923076923077 0.15625
10 0.359375 0.5721153846153846 0.07451923076923077 0.125
11 0.7752403846153846 0.296875 0.0889423076923077 0.19230769230769232
2 0.6935096153846154 0.2920673076923077 0.09615384615384616 0.21394230769230768
6 0.2439903846153846 0.07451923076923077 0.06971153846153846 0.125
4 0.34375 0.4495192307692308 0.06490384615384616 0.125
4 0.5552884615384616 0.6682692307692307 0.07211538461538461 0.125
4 0.5877403846153846 0.3329326923076923 0.06009615384615385 0.125