2 0.23918269230769232 0.2860576923076923 0.09134615384615384 0.21634615384615385
1 0.4170673076923077 0.14783653846153846 0.057692307692307696 0.1466346153846154
6 0.44711538461538464 0.06971153846153846 0.0673076923076923 0.1346153846153846
6 0.4855769230769231 0.4362980769230769 0.07692307692307693 0.16346153846153846
4 0.32572115384615385 0.3329326923076923 0.0625 0.1201923076923077
4 0.24759615384615385 0.7740384615384616 0.06490384615384616 0.12740384615384615
4 0.453125 0.6694711538461539 0.06971153846153846 0.12980769230769232
4 0.3942307692307692 0.5324519230769231 0.06009615384615385 0.12980769230769232
4 0.6009615384615384 0.17908653846153846 0.055288461538461536 0.11057692307692307
4 0.5252403846153846 0.171875 0.06009615384615385 0.11057692307692307
3 0.41225961538461536 0.328125 0.07211538461538461 0.15625
3 0.5528846153846154 0.7848557692307693 0.07692307692307693 0.17067307692307693
11 0.6730769230769231 0.14543269230769232 0.07451923076923077 0.18509615384615385
9 0.7632211538461539 0.8040865384615384 0.09375 0.16826923076923078
12 0.8269230769230769 0.09254807692307693 0.06971153846153846 0.13221153846153846
7 0.6538461538461539 0.4326923076923077 0.07451923076923077 0.15865384615384615
7 0.8329326923076923 0.15625 0.06971153846153846 0.1658653846153846
8 0.8557692307692307 0.41947115384615385 0.10336538461538461 0.21153846153846154
10 0.6081730769230769 0.08052884615384616 0.0625 0.11298076923076923
10 0.7463942307692307 0.16947115384615385 0.06009615384615385 0.11778846153846154
10 0.7560096153846154 0.34134615384615385 0.052884615384615384 0.11778846153846154
10 0.7524038461538461 0.44591346153846156 0.06490384615384616 0.12259615384615384
10 0.6490384615384616 0.5661057692307693 0.06971153846153846 0.12740384615384615