11 0.3762019230769231 0.1346153846153846 0.08653846153846154 0.18990384615384615
8 0.17307692307692307 0.3798076923076923 0.10336538461538461 0.22596153846153846
12 0.234375 0.06490384615384616 0.07451923076923077 0.12980769230769232
7 0.21875 0.1201923076923077 0.07692307692307693 0.15625
7 0.3605769230769231 0.41586538461538464 0.08413461538461539 0.15865384615384615
9 0.21033653846153846 0.7632211538461539 0.10336538461538461 0.18509615384615385
10 0.45072115384615385 0.08052884615384616 0.057692307692307696 0.11778846153846154
10 0.30288461538461536 0.14543269230769232 0.0673076923076923 0.125
10 0.27403846153846156 0.32091346153846156 0.0673076923076923 0.125
10 0.2644230769230769 0.41586538461538464 0.07692307692307693 0.12740384615384615
10 0.35336538461538464 0.5516826923076923 0.0673076923076923 0.12740384615384615
2 0.7872596153846154 0.32211538461538464 0.0985576923076923 0.20673076923076922
1 0.6262019230769231 0.16706730769230768 0.0625 0.15144230769230768
3 0.41586538461538464 0.7680288461538461 0.0889423076923077 0.17307692307692307
3 0.46033653846153844 0.24158653846153846 0.08413461538461539 0.13942307692307693
6 0.6045673076923077 0.08774038461538461 0.06971153846153846 0.12980769230769232
6 0.5288461538461539 0.4387019230769231 0.07692307692307693 0.14182692307692307
4 0.71875 0.8028846153846154 0.07211538461538461 0.12740384615384615
4 0.44350961538461536 0.17427884615384615 0.0625 0.11057692307692307
4 0.5204326923076923 0.17307692307692307 0.06009615384615385 0.10817307692307693
4 0.6971153846153846 0.3581730769230769 0.057692307692307696 0.11538461538461539
4 0.6045673076923077 0.5492788461538461 0.0673076923076923 0.12740384615384615
4 0.5276442307692307 0.6670673076923077 0.07211538461538461 0.12259615384615384