1 0.7175480769230769 0.6358173076923077 0.0673076923076923 0.15625
6 0.6105769230769231 0.0625 0.0625 0.1201923076923077
6 0.8485576923076923 0.765625 0.07451923076923077 0.14182692307692307
2 0.8125 0.38461538461538464 0.0889423076923077 0.2091346153846154
5 0.6141826923076923 0.296875 0.0673076923076923 0.17548076923076922
1 0.5336538461538461 0.5120192307692307 0.06009615384615385 0.14423076923076922
4 0.6971153846153846 0.23677884615384615 0.05048076923076923 0.10336538461538461
4 0.6899038461538461 0.14903846153846154 0.04567307692307692 0.10096153846153846
4 0.7139423076923077 0.41947115384615385 0.052884615384615384 0.11538461538461539
4 0.7211538461538461 0.5276442307692307 0.057692307692307696 0.10817307692307693
4 0.6454326923076923 0.7752403846153846 0.057692307692307696 0.12259615384615384
4 0.6201923076923077 0.6394230769230769 0.057692307692307696 0.11057692307692307
4 0.5276442307692307 0.30649038461538464 0.05048076923076923 0.10576923076923077
4 0.5396634615384616 0.06370192307692307 0.04807692307692308 0.11057692307692307
3 0.609375 0.12980769230769232 0.06009615384615385 0.13701923076923078
3 0.44471153846153844 0.4026442307692308 0.07451923076923077 0.14182692307692307
11 0.18509615384615385 0.2692307692307692 0.07932692307692307 0.1875
8 0.16466346153846154 0.3581730769230769 0.08413461538461539 0.20673076923076922
12 0.23677884615384615 0.7524038461538461 0.07211538461538461 0.1466346153846154
12 0.21033653846153846 0.04567307692307692 0.06490384615384616 0.09134615384615384
7 0.375 0.051682692307692304 0.052884615384615384 0.10336538461538461
7 0.14423076923076922 0.4879807692307692 0.07211538461538461 0.14423076923076922
9 0.37259615384615385 0.1935096153846154 0.0625 0.1466346153846154
9 0.1502403846153846 0.6105769230769231 0.07692307692307693 0.15384615384615385
10 0.44350961538461536 0.30408653846153844 0.04807692307692308 0.11057692307692307
10 0.44350961538461536 0.13221153846153846 0.055288461538461536 0.11057692307692307
10 0.2920673076923077 0.04807692307692308 0.05048076923076923 0.09615384615384616
10 0.2848557692307692 0.21634615384615385 0.055288461538461536 0.10576923076923077
10 0.2692307692307692 0.4074519230769231 0.0625 0.10336538461538461
10 0.25600961538461536 0.5168269230769231 0.052884615384615384 0.11057692307692307
10 0.25240384615384615 0.6262019230769231 0.06009615384615385 0.11778846153846154
10 0.4411057692307692 0.7596153846153846 0.0625 0.12259615384615384