1 0.2920673076923077 0.6286057692307693 0.07211538461538461 0.15865384615384615
6 0.3798076923076923 0.06129807692307692 0.06490384615384616 0.11057692307692307
6 0.16706730769230768 0.7632211538461539 0.07692307692307693 0.14423076923076922
2 0.19110576923076922 0.38341346153846156 0.09615384615384616 0.21153846153846154
5 0.38461538461538464 0.28846153846153844 0.07211538461538461 0.17548076923076922
1 0.4723557692307692 0.5 0.06490384615384616 0.14423076923076922
4 0.29927884615384615 0.23076923076923078 0.055288461538461536 0.10576923076923077
4 0.30408653846153844 0.14543269230769232 0.04807692307692308 0.10096153846153846
4 0.28966346153846156 0.41346153846153844 0.057692307692307696 0.11538461538461539
4 0.2860576923076923 0.5216346153846154 0.06009615384615385 0.10817307692307693
4 0.36899038461538464 0.765625 0.0625 0.12259615384615384
4 0.3894230769230769 0.6286057692307693 0.06009615384615385 0.11057692307692307
4 0.47115384615384615 0.29447115384615385 0.052884615384615384 0.10576923076923077
4 0.45072115384615385 0.055288461538461536 0.05048076923076923 0.10817307692307693
3 0.38341346153846156 0.12259615384615384 0.06490384615384616 0.13942307692307693
3 0.5576923076923077 0.38822115384615385 0.07692307692307693 0.14423076923076922
11 0.8100961538461539 0.24639423076923078 0.08413461538461539 0.1875
8 0.8329326923076923 0.33413461538461536 0.0889423076923077 0.20673076923076922
12 0.7764423076923077 0.7283653846153846 0.07692307692307693 0.14903846153846154
12 0.7752403846153846 0.03485576923076923 0.06971153846153846 0.06971153846153846
7 0.6141826923076923 0.04326923076923077 0.055288461538461536 0.08653846153846154
7 0.8581730769230769 0.46153846153846156 0.07451923076923077 0.1466346153846154
9 0.6213942307692307 0.17668269230769232 0.0673076923076923 0.14903846153846154
9 0.8569711538461539 0.5841346153846154 0.08173076923076923 0.15384615384615385
10 0.5540865384615384 0.28966346153846156 0.052884615384615384 0.11057692307692307
10 0.5492788461538461 0.11899038461538461 0.057692307692307696 0.11298076923076923
10 0.6935096153846154 0.039663461538461536 0.055288461538461536 0.07932692307692307
10 0.7091346153846154 0.1971153846153846 0.055288461538461536 0.10576923076923077
10 0.7307692307692307 0.3870192307692308 0.06490384615384616 0.10576923076923077
10 0.7475961538461539 0.4951923076923077 0.055288461538461536 0.11298076923076923
10 0.7560096153846154 0.6033653846153846 0.06490384615384616 0.1201923076923077
10 0.5721153846153846 0.7427884615384616 0.06490384615384616 0.12259615384615384