5 0.4987980769230769 0.3942307692307692 0.07692307692307693 0.1875
2 0.7680288461538461 0.26802884615384615 0.0889423076923077 0.22596153846153846
6 0.7836538461538461 0.4170673076923077 0.07932692307692307 0.1466346153846154
4 0.7283653846153846 0.7872596153846154 0.07211538461538461 0.12740384615384615
4 0.6742788461538461 0.3161057692307692 0.055288461538461536 0.11778846153846154
4 0.49399038461538464 0.2247596153846154 0.052884615384615384 0.125
4 0.5180288461538461 0.6550480769230769 0.06490384615384616 0.13221153846153846
4 0.5877403846153846 0.5204326923076923 0.06490384615384616 0.125
4 0.47115384615384615 0.12620192307692307 0.055288461538461536 0.1201923076923077
6 0.5588942307692307 0.051682692307692304 0.06009615384615385 0.10096153846153846
1 0.5877403846153846 0.11538461538461539 0.06009615384615385 0.15865384615384615
1 0.3161057692307692 0.515625 0.08653846153846154 0.15865384615384615
9 0.32091346153846156 0.28365384615384615 0.0673076923076923 0.14423076923076922
9 0.19230769230769232 0.7836538461538461 0.09134615384615384 0.16346153846153846
12 0.16105769230769232 0.05048076923076923 0.0673076923076923 0.10096153846153846
11 0.3173076923076923 0.10216346153846154 0.07692307692307693 0.1875
8 0.11778846153846154 0.3713942307692308 0.10096153846153846 0.2283653846153846
7 0.14783653846153846 0.09975961538461539 0.06971153846153846 0.15625
7 0.3245192307692308 0.40024038461538464 0.07451923076923077 0.15625
10 0.390625 0.04567307692307692 0.055288461538461536 0.09134615384615384
10 0.390625 0.203125 0.06009615384615385 0.1201923076923077
10 0.23918269230769232 0.11658653846153846 0.057692307692307696 0.11778846153846154
10 0.22355769230769232 0.29927884615384615 0.06009615384615385 0.125
10 0.22115384615384615 0.4074519230769231 0.0673076923076923 0.1201923076923077
10 0.203125 0.6478365384615384 0.06971153846153846 0.12740384615384615