5 0.4855769230769231 0.42788461538461536 0.07692307692307693 0.18028846153846154
2 0.234375 0.2920673076923077 0.0889423076923077 0.21634615384615385
6 0.21153846153846154 0.43509615384615385 0.07692307692307693 0.13942307692307693
4 0.24519230769230768 0.7908653846153846 0.06971153846153846 0.12259615384615384
4 0.32091346153846156 0.3425480769230769 0.055288461538461536 0.11298076923076923
4 0.49759615384615385 0.2644230769230769 0.052884615384615384 0.12259615384615384
4 0.4543269230769231 0.6754807692307693 0.06490384615384616 0.12740384615384615
4 0.3942307692307692 0.5432692307692307 0.0625 0.1201923076923077
4 0.5252403846153846 0.171875 0.057692307692307696 0.11538461538461539
6 0.44591346153846156 0.08173076923076923 0.06009615384615385 0.12740384615384615
1 0.41466346153846156 0.15504807692307693 0.06009615384615385 0.15384615384615385
1 0.6538461538461539 0.5516826923076923 0.08653846153846154 0.15144230769230768
9 0.6610576923076923 0.3317307692307692 0.0673076923076923 0.13942307692307693
9 0.7596153846153846 0.8149038461538461 0.09134615384615384 0.15865384615384615
12 0.8257211538461539 0.0985576923076923 0.0673076923076923 0.13221153846153846
11 0.6742788461538461 0.15745192307692307 0.07692307692307693 0.1778846153846154
8 0.8497596153846154 0.4254807692307692 0.10096153846153846 0.22115384615384615
7 0.8365384615384616 0.16346153846153846 0.06971153846153846 0.14903846153846154
7 0.6514423076923077 0.4411057692307692 0.07211538461538461 0.15144230769230768
10 0.6057692307692307 0.09014423076923077 0.055288461538461536 0.10817307692307693
10 0.5973557692307693 0.2512019230769231 0.06009615384615385 0.11538461538461539
10 0.7475961538461539 0.17548076923076922 0.057692307692307696 0.11538461538461539
10 0.7536057692307693 0.34975961538461536 0.06009615384615385 0.1201923076923077
10 0.75 0.453125 0.0673076923076923 0.11538461538461539
10 0.7560096153846154 0.6838942307692307 0.06971153846153846 0.125