5 0.5300480769230769 0.41947115384615385 0.08173076923076923 0.18269230769230768
2 0.78125 0.27884615384615385 0.09375 0.22115384615384615
6 0.8064903846153846 0.421875 0.07932692307692307 0.14423076923076922
4 0.7788461538461539 0.78125 0.07451923076923077 0.125
4 0.6935096153846154 0.33052884615384615 0.057692307692307696 0.11538461538461539
4 0.5132211538461539 0.2548076923076923 0.055288461538461536 0.125
4 0.5637019230769231 0.6682692307692307 0.0673076923076923 0.12980769230769232
4 0.6237980769230769 0.5348557692307693 0.0673076923076923 0.12259615384615384
4 0.484375 0.15985576923076922 0.057692307692307696 0.11778846153846154
6 0.5625 0.06850961538461539 0.06490384615384616 0.12980769230769232
1 0.5961538461538461 0.14302884615384615 0.0625 0.15625
1 0.36177884615384615 0.5480769230769231 0.0889423076923077 0.15625
9 0.34975961538461536 0.3245192307692308 0.06971153846153846 0.14182692307692307
9 0.25961538461538464 0.8149038461538461 0.09375 0.16105769230769232
12 0.18028846153846154 0.09254807692307693 0.06971153846153846 0.13701923076923078
11 0.33413461538461536 0.14903846153846154 0.07932692307692307 0.18269230769230768
8 0.15985576923076922 0.4230769230769231 0.10576923076923077 0.22355769230769232
7 0.17067307692307693 0.15745192307692307 0.07211538461538461 0.15384615384615385
7 0.36177884615384615 0.4362980769230769 0.07692307692307693 0.15384615384615385
10 0.4014423076923077 0.08052884615384616 0.055288461538461536 0.11057692307692307
10 0.41225961538461536 0.24278846153846154 0.0625 0.11778846153846154
10 0.25961538461538464 0.16826923076923078 0.06009615384615385 0.11778846153846154
10 0.25721153846153844 0.34375 0.0625 0.12259615384615384
10 0.26322115384615385 0.4495192307692308 0.0673076923076923 0.11778846153846154
10 0.2620192307692308 0.6826923076923077 0.07451923076923077 0.12740384615384615