5 0.5949519230769231 0.27884615384615385 0.09134615384615384 0.19230769230769232
3 0.4230769230769231 0.38341346153846156 0.08413461538461539 0.15384615384615385
7 0.40865384615384615 0.5949519230769231 0.08173076923076923 0.16346153846153846
11 0.3425480769230769 0.265625 0.07932692307692307 0.1875
9 0.11899038461538461 0.5757211538461539 0.0889423076923077 0.17548076923076922
8 0.23798076923076922 0.3425480769230769 0.09375 0.21153846153846154
12 0.18870192307692307 0.03485576923076923 0.06971153846153846 0.06971153846153846
12 0.203125 0.7355769230769231 0.09615384615384616 0.15144230769230768
10 0.21634615384615385 0.5997596153846154 0.07211538461538461 0.11778846153846154
10 0.2668269230769231 0.18269230769230768 0.06490384615384616 0.11538461538461539
10 0.27283653846153844 0.036057692307692304 0.06490384615384616 0.07211538461538461
10 0.421875 0.2824519230769231 0.055288461538461536 0.11057692307692307
10 0.40865384615384615 0.7391826923076923 0.07451923076923077 0.12740384615384615
4 0.5192307692307693 0.04567307692307692 0.0625 0.09134615384615384
4 0.6790865384615384 0.21995192307692307 0.0625 0.11778846153846154
4 0.6658653846153846 0.12860576923076922 0.06009615384615385 0.11057692307692307
4 0.5048076923076923 0.2860576923076923 0.06490384615384616 0.11538461538461539
4 0.6045673076923077 0.5072115384615384 0.06971153846153846 0.12740384615384615
4 0.6887019230769231 0.4050480769230769 0.0625 0.12259615384615384
2 0.7896634615384616 0.3701923076923077 0.09615384615384616 0.22115384615384615
6 0.8197115384615384 0.7596153846153846 0.09615384615384616 0.15625