5 0.42427884615384615 0.28125 0.09375 0.18990384615384615
3 0.5745192307692307 0.4050480769230769 0.08653846153846154 0.15144230769230768
7 0.5600961538461539 0.6129807692307693 0.08413461538461539 0.16105769230769232
11 0.6682692307692307 0.30288461538461536 0.08413461538461539 0.18509615384615385
9 0.8413461538461539 0.6310096153846154 0.09134615384615384 0.17548076923076922
8 0.7584134615384616 0.390625 0.0985576923076923 0.2091346153846154
12 0.8485576923076923 0.08173076923076923 0.07211538461538461 0.11057692307692307
12 0.7379807692307693 0.7740384615384616 0.0985576923076923 0.15144230769230768
10 0.7439903846153846 0.640625 0.07451923076923077 0.11778846153846154
10 0.7524038461538461 0.23317307692307693 0.0673076923076923 0.11298076923076923
10 0.7692307692307693 0.0733173076923077 0.0673076923076923 0.10817307692307693
10 0.5889423076923077 0.3088942307692308 0.057692307692307696 0.10817307692307693
10 0.5396634615384616 0.7512019230769231 0.07692307692307693 0.12740384615384615
4 0.5276442307692307 0.06009615384615385 0.06490384615384616 0.11057692307692307
4 0.34975961538461536 0.21394230769230768 0.06490384615384616 0.11538461538461539
4 0.375 0.12620192307692307 0.0625 0.11057692307692307
4 0.5072115384615384 0.3004807692307692 0.0673076923076923 0.11298076923076923
4 0.38341346153846156 0.5 0.06971153846153846 0.125
4 0.3137019230769231 0.3894230769230769 0.06490384615384616 0.1201923076923077
2 0.22355769230769232 0.3425480769230769 0.10336538461538461 0.21875
6 0.140625 0.7151442307692307 0.0985576923076923 0.15384615384615385