6 0.8605769230769231 0.7644230769230769 0.08653846153846154 0.1466346153846154
12 0.6538461538461539 0.7355769230769231 0.07451923076923077 0.1466346153846154
2 0.7463942307692307 0.609375 0.09615384615384616 0.20673076923076922
5 0.6310096153846154 0.28966346153846156 0.07451923076923077 0.18269230769230768
4 0.7271634615384616 0.4110576923076923 0.0625 0.11778846153846154
4 0.7151442307692307 0.22716346153846154 0.055288461538461536 0.11538461538461539
4 0.6478365384615384 0.5084134615384616 0.052884615384615384 0.11538461538461539
3 0.46033653846153844 0.38100961538461536 0.07211538461538461 0.14182692307692307
4 0.5456730769230769 0.28966346153846156 0.05048076923076923 0.10576923076923077
9 0.5456730769230769 0.11658653846153846 0.0625 0.14182692307692307
9 0.4543269230769231 0.7319711538461539 0.07451923076923077 0.16105769230769232
7 0.45072115384615385 0.5973557692307693 0.0625 0.14903846153846154
11 0.3870192307692308 0.27163461538461536 0.0673076923076923 0.18509615384615385
8 0.2860576923076923 0.3449519230769231 0.07932692307692307 0.21394230769230768
12 0.23798076923076922 0.037259615384615384 0.052884615384615384 0.07451923076923077
10 0.4639423076923077 0.28725961538461536 0.052884615384615384 0.10817307692307693
10 0.3161057692307692 0.037259615384615384 0.055288461538461536 0.07451923076923077
10 0.3125 0.18629807692307693 0.055288461538461536 0.11057692307692307
10 0.265625 0.5961538461538461 0.0673076923076923 0.11778846153846154