6 0.8798076923076923 0.7043269230769231 0.09134615384615384 0.1466346153846154
12 0.6802884615384616 0.7043269230769231 0.07932692307692307 0.1466346153846154
2 0.7512019230769231 0.5709134615384616 0.10576923076923077 0.20432692307692307
5 0.5973557692307693 0.27884615384615385 0.08173076923076923 0.18028846153846154
4 0.7067307692307693 0.38341346153846156 0.0673076923076923 0.11778846153846154
4 0.6694711538461539 0.2091346153846154 0.06009615384615385 0.11538461538461539
4 0.6430288461538461 0.4891826923076923 0.06009615384615385 0.11538461538461539
3 0.44591346153846156 0.390625 0.07932692307692307 0.14423076923076922
4 0.515625 0.29086538461538464 0.055288461538461536 0.10576923076923077
9 0.49158653846153844 0.125 0.06971153846153846 0.14182692307692307
9 0.4879807692307692 0.7283653846153846 0.08413461538461539 0.16105769230769232
7 0.46634615384615385 0.5985576923076923 0.06971153846153846 0.14903846153846154
11 0.3605769230769231 0.29447115384615385 0.07692307692307693 0.18269230769230768
8 0.27283653846153844 0.3786057692307692 0.0889423076923077 0.21153846153846154
12 0.18629807692307693 0.078125 0.057692307692307696 0.0985576923076923
10 0.4362980769230769 0.3004807692307692 0.057692307692307696 0.10576923076923077
10 0.25961538461538464 0.06971153846153846 0.06009615384615385 0.0985576923076923
10 0.2776442307692308 0.2247596153846154 0.06009615384615385 0.11057692307692307
10 0.28846153846153844 0.6237980769230769 0.07211538461538461 0.11778846153846154