11 0.19831730769230768 0.26322115384615385 0.07211538461538461 0.18028846153846154
8 0.17908653846153846 0.35697115384615385 0.07211538461538461 0.20192307692307693
9 0.3858173076923077 0.18028846153846154 0.0625 0.14423076923076922
9 0.17307692307692307 0.6057692307692307 0.07211538461538461 0.15144230769230768
12 0.26802884615384615 0.7548076923076923 0.06490384615384616 0.14182692307692307
12 0.21875 0.042067307692307696 0.057692307692307696 0.08413461538461539
7 0.1658653846153846 0.48677884615384615 0.06490384615384616 0.1466346153846154
7 0.38341346153846156 0.040865384615384616 0.052884615384615384 0.08173076923076923
10 0.46153846153846156 0.28725961538461536 0.04326923076923077 0.10096153846153846
10 0.453125 0.12139423076923077 0.038461538461538464 0.10096153846153846
10 0.3016826923076923 0.042067307692307696 0.04326923076923077 0.08413461538461539
10 0.296875 0.20793269230769232 0.04567307692307692 0.10576923076923077
10 0.28966346153846156 0.40625 0.055288461538461536 0.10336538461538461
10 0.27884615384615385 0.5132211538461539 0.04807692307692308 0.11057692307692307
10 0.27884615384615385 0.6213942307692307 0.052884615384615384 0.11538461538461539
10 0.4723557692307692 0.7487980769230769 0.057692307692307696 0.11538461538461539
3 0.6237980769230769 0.109375 0.04807692307692308 0.13942307692307693
3 0.46634615384615385 0.38822115384615385 0.0625 0.14903846153846154
5 0.8329326923076923 0.2776442307692308 0.0673076923076923 0.15625
2 0.8353365384615384 0.359375 0.07692307692307693 0.1971153846153846
6 0.6213942307692307 0.04927884615384615 0.04807692307692308 0.0985576923076923
6 0.8894230769230769 0.7512019230769231 0.07692307692307693 0.13942307692307693
1 0.7956730769230769 0.1935096153846154 0.04326923076923077 0.13942307692307693
1 0.7512019230769231 0.6213942307692307 0.0625 0.1466346153846154
4 0.7475961538461539 0.5108173076923077 0.057692307692307696 0.10096153846153846
4 0.7367788461538461 0.39903846153846156 0.052884615384615384 0.11057692307692307
4 0.6526442307692307 0.6262019230769231 0.055288461538461536 0.11057692307692307
4 0.6790865384615384 0.7572115384615384 0.055288461538461536 0.11057692307692307
4 0.7127403846153846 0.21394230769230768 0.04807692307692308 0.10096153846153846
4 0.7019230769230769 0.12740384615384615 0.04326923076923077 0.10576923076923077
4 0.5492788461538461 0.046875 0.040865384615384616 0.09134615384615384
4 0.546875 0.29086538461538464 0.04326923076923077 0.11057692307692307