2 0.7211538461538461 0.640625 0.07692307692307693 0.20192307692307693
6 0.8461538461538461 0.7884615384615384 0.07211538461538461 0.13701923076923078
12 0.6394230769230769 0.7776442307692307 0.07211538461538461 0.13701923076923078
4 0.6802884615384616 0.2548076923076923 0.052884615384615384 0.10336538461538461
4 0.6225961538461539 0.5456730769230769 0.055288461538461536 0.10336538461538461
5 0.5961538461538461 0.32211538461538464 0.0673076923076923 0.17548076923076922
3 0.4362980769230769 0.4326923076923077 0.06490384615384616 0.14182692307692307
4 0.5108173076923077 0.33653846153846156 0.04567307692307692 0.10336538461538461
11 0.35336538461538464 0.3269230769230769 0.06971153846153846 0.17307692307692307
8 0.25721153846153844 0.41225961538461536 0.07211538461538461 0.19951923076923078
12 0.17427884615384615 0.24158653846153846 0.06490384615384616 0.12740384615384615
10 0.43028846153846156 0.33653846153846156 0.04807692307692308 0.10096153846153846
10 0.35697115384615385 0.17548076923076922 0.052884615384615384 0.10817307692307693
10 0.27524038461538464 0.08052884615384616 0.04807692307692308 0.10336538461538461
10 0.24759615384615385 0.6670673076923077 0.06009615384615385 0.1201923076923077