2 0.2692307692307692 0.6201923076923077 0.08653846153846154 0.20673076923076922
6 0.13341346153846154 0.7608173076923077 0.07692307692307693 0.14182692307692307
12 0.3425480769230769 0.7632211538461539 0.07692307692307693 0.14182692307692307
4 0.3389423076923077 0.23317307692307693 0.055288461538461536 0.10817307692307693
4 0.37740384615384615 0.53125 0.057692307692307696 0.10576923076923077
5 0.41947115384615385 0.30649038461538464 0.07451923076923077 0.18028846153846154
3 0.5745192307692307 0.43028846153846156 0.07211538461538461 0.1466346153846154
4 0.5048076923076923 0.3269230769230769 0.05048076923076923 0.10576923076923077
11 0.6646634615384616 0.3293269230769231 0.07692307692307693 0.1778846153846154
8 0.7572115384615384 0.421875 0.07932692307692307 0.20432692307692307
12 0.8533653846153846 0.2548076923076923 0.06971153846153846 0.13221153846153846
10 0.5865384615384616 0.33413461538461536 0.052884615384615384 0.10336538461538461
10 0.671875 0.17427884615384615 0.055288461538461536 0.11298076923076923
10 0.7620192307692307 0.08413461538461539 0.05048076923076923 0.10817307692307693
10 0.7475961538461539 0.6802884615384616 0.06490384615384616 0.125