2 0.2548076923076923 0.6262019230769231 0.07932692307692307 0.20673076923076922
6 0.12620192307692307 0.7764423076923077 0.07451923076923077 0.14423076923076922
12 0.3389423076923077 0.765625 0.07451923076923077 0.14182692307692307
4 0.296875 0.22716346153846154 0.052884615384615384 0.10576923076923077
4 0.3557692307692308 0.5264423076923077 0.055288461538461536 0.10576923076923077
5 0.38341346153846156 0.296875 0.06971153846153846 0.18028846153846154
3 0.5492788461538461 0.4110576923076923 0.0673076923076923 0.1466346153846154
4 0.47115384615384615 0.31009615384615385 0.04807692307692308 0.10576923076923077
11 0.6334134615384616 0.3016826923076923 0.07211538461538461 0.1778846153846154
8 0.7331730769230769 0.390625 0.07451923076923077 0.20673076923076922
12 0.8197115384615384 0.2127403846153846 0.0673076923076923 0.13221153846153846
10 0.5540865384615384 0.3112980769230769 0.05048076923076923 0.10336538461538461
10 0.6298076923076923 0.14543269230769232 0.052884615384615384 0.11298076923076923
10 0.7163461538461539 0.04927884615384615 0.04807692307692308 0.0985576923076923
10 0.7427884615384616 0.6514423076923077 0.06009615384615385 0.12259615384615384