2 0.23918269230769232 0.29447115384615385 0.08653846153846154 0.21153846153846154
1 0.41947115384615385 0.15384615384615385 0.06009615384615385 0.15625
1 0.6478365384615384 0.5540865384615384 0.07451923076923077 0.15384615384615385
3 0.41466346153846156 0.33774038461538464 0.06490384615384616 0.15384615384615385
3 0.5540865384615384 0.796875 0.0889423076923077 0.16826923076923078
6 0.44711538461538464 0.08173076923076923 0.06009615384615385 0.13221153846153846
6 0.4879807692307692 0.44350961538461536 0.07211538461538461 0.14423076923076922
4 0.2512019230769231 0.7884615384615384 0.07451923076923077 0.1346153846153846
4 0.32572115384615385 0.3401442307692308 0.06009615384615385 0.11538461538461539
4 0.5276442307692307 0.1778846153846154 0.052884615384615384 0.11298076923076923
4 0.5997596153846154 0.18629807692307693 0.0625 0.11298076923076923
4 0.39302884615384615 0.5456730769230769 0.0625 0.1201923076923077
4 0.45552884615384615 0.6754807692307693 0.06971153846153846 0.12980769230769232
8 0.8545673076923077 0.4254807692307692 0.09134615384615384 0.21634615384615385
9 0.7668269230769231 0.8112980769230769 0.08173076923076923 0.16826923076923078
11 0.6778846153846154 0.15504807692307693 0.06971153846153846 0.18509615384615385
12 0.8269230769230769 0.09615384615384616 0.06490384615384616 0.12980769230769232
7 0.6574519230769231 0.4362980769230769 0.06971153846153846 0.15384615384615385
7 0.8389423076923077 0.16346153846153846 0.06490384615384616 0.15144230769230768
10 0.6117788461538461 0.08774038461538461 0.057692307692307696 0.10817307692307693
10 0.75 0.17908653846153846 0.057692307692307696 0.11057692307692307
10 0.7596153846153846 0.34975961538461536 0.057692307692307696 0.11298076923076923
10 0.7536057692307693 0.453125 0.06490384615384616 0.11538461538461539
10 0.7572115384615384 0.6875 0.07211538461538461 0.125