2 0.2127403846153846 0.24158653846153846 0.10576923076923077 0.22355769230769232
1 0.41225961538461536 0.109375 0.07211538461538461 0.1658653846153846
1 0.6213942307692307 0.5420673076923077 0.08653846153846154 0.1658653846153846
3 0.39302884615384615 0.3004807692307692 0.07932692307692307 0.16346153846153846
3 0.5060096153846154 0.7884615384615384 0.10336538461538461 0.18028846153846154
6 0.44591346153846156 0.051682692307692304 0.06971153846153846 0.10336538461538461
6 0.46153846153846156 0.41466346153846156 0.08413461538461539 0.15384615384615385
4 0.18990384615384615 0.7572115384615384 0.08653846153846154 0.14423076923076922
4 0.3004807692307692 0.2956730769230769 0.06971153846153846 0.12259615384615384
4 0.5228365384615384 0.13942307692307693 0.0625 0.1201923076923077
4 0.5973557692307693 0.15504807692307693 0.07211538461538461 0.12259615384615384
4 0.3557692307692308 0.5144230769230769 0.07211538461538461 0.12980769230769232
4 0.4110576923076923 0.6538461538461539 0.08173076923076923 0.13942307692307693
8 0.8461538461538461 0.42427884615384615 0.11057692307692307 0.23076923076923078
9 0.7259615384615384 0.8185096153846154 0.0985576923076923 0.18028846153846154
11 0.6802884615384616 0.12740384615384615 0.08653846153846154 0.19471153846153846
12 0.8389423076923077 0.0889423076923077 0.07451923076923077 0.11778846153846154
7 0.6394230769230769 0.41947115384615385 0.08413461538461539 0.16346153846153846
7 0.8473557692307693 0.14783653846153846 0.07692307692307693 0.16346153846153846
10 0.6165865384615384 0.05889423076923077 0.0673076923076923 0.10336538461538461
10 0.7548076923076923 0.15865384615384615 0.06490384615384616 0.1201923076923077
10 0.7524038461538461 0.33774038461538464 0.0673076923076923 0.12259615384615384
10 0.7391826923076923 0.44591346153846156 0.07692307692307693 0.125
10 0.7247596153846154 0.6875 0.08413461538461539 0.1346153846153846