2 0.7824519230769231 0.3004807692307692 0.08173076923076923 0.20673076923076922
1 0.6069711538461539 0.15264423076923078 0.052884615384615384 0.15384615384615385
1 0.3641826923076923 0.5456730769230769 0.0673076923076923 0.15384615384615385
3 0.6057692307692307 0.33774038461538464 0.057692307692307696 0.15384615384615385
3 0.4495192307692308 0.7908653846153846 0.08173076923076923 0.1658653846153846
6 0.5817307692307693 0.07932692307692307 0.055288461538461536 0.12980769230769232
6 0.5288461538461539 0.43990384615384615 0.0673076923076923 0.14182692307692307
4 0.7536057692307693 0.7932692307692307 0.07211538461538461 0.13221153846153846
4 0.6947115384615384 0.3425480769230769 0.055288461538461536 0.11298076923076923
4 0.49759615384615385 0.171875 0.04807692307692308 0.11057692307692307
4 0.4254807692307692 0.17908653846153846 0.057692307692307696 0.11057692307692307
4 0.6201923076923077 0.5444711538461539 0.057692307692307696 0.1201923076923077
4 0.5528846153846154 0.6730769230769231 0.06490384615384616 0.12740384615384615
8 0.1622596153846154 0.4098557692307692 0.08413461538461539 0.21394230769230768
9 0.23677884615384615 0.7980769230769231 0.07692307692307693 0.16346153846153846
11 0.3485576923076923 0.14423076923076922 0.0625 0.18269230769230768
12 0.20192307692307693 0.08052884615384616 0.0625 0.12740384615384615
7 0.359375 0.4254807692307692 0.06490384615384616 0.15144230769230768
7 0.1875 0.1466346153846154 0.057692307692307696 0.14903846153846154
10 0.4170673076923077 0.08052884615384616 0.052884615384615384 0.10576923076923077
10 0.27524038461538464 0.1658653846153846 0.052884615384615384 0.11057692307692307
10 0.25961538461538464 0.33774038461538464 0.052884615384615384 0.11057692307692307
10 0.2620192307692308 0.4411057692307692 0.0625 0.11538461538461539
10 0.2512019230769231 0.6730769230769231 0.0673076923076923 0.12259615384615384