6 0.7884615384615384 0.078125 0.057692307692307696 0.11778846153846154
4 0.7367788461538461 0.7740384615384616 0.0625 0.1201923076923077
6 0.8425480769230769 0.7848557692307693 0.08413461538461539 0.13942307692307693
10 0.22956730769230768 0.7451923076923077 0.0673076923076923 0.11538461538461539
12 0.11298076923076923 0.7439903846153846 0.07932692307692307 0.14423076923076922
9 0.2283653846153846 0.10096153846153846 0.0673076923076923 0.13701923076923078
3 0.7848557692307693 0.14783653846153846 0.06490384615384616 0.13221153846153846
10 0.30528846153846156 0.1201923076923077 0.05048076923076923 0.0985576923076923
4 0.7019230769230769 0.15504807692307693 0.05048076923076923 0.10096153846153846
7 0.20552884615384615 0.17908653846153846 0.06009615384615385 0.14182692307692307
1 0.7884615384615384 0.2283653846153846 0.055288461538461536 0.1346153846153846
10 0.2956730769230769 0.2091346153846154 0.04807692307692308 0.10336538461538461
4 0.7091346153846154 0.24158653846153846 0.04807692307692308 0.10096153846153846
11 0.1935096153846154 0.2608173076923077 0.07692307692307693 0.18028846153846154
5 0.8137019230769231 0.32091346153846156 0.07932692307692307 0.17067307692307693
10 0.28365384615384615 0.2956730769230769 0.052884615384615384 0.10336538461538461
4 0.7115384615384616 0.328125 0.05048076923076923 0.10576923076923077
8 0.17307692307692307 0.34975961538461536 0.08173076923076923 0.20432692307692307
2 0.8197115384615384 0.3954326923076923 0.09134615384615384 0.19471153846153846
4 0.71875 0.4254807692307692 0.055288461538461536 0.10576923076923077
10 0.27884615384615385 0.40024038461538464 0.052884615384615384 0.10576923076923077
7 0.1502403846153846 0.47596153846153844 0.0673076923076923 0.14182692307692307
1 0.8245192307692307 0.5300480769230769 0.07451923076923077 0.14182692307692307
4 0.7235576923076923 0.5360576923076923 0.055288461538461536 0.10576923076923077
10 0.25841346153846156 0.5096153846153846 0.057692307692307696 0.11057692307692307
12 0.23317307692307693 0.039663461538461536 0.052884615384615384 0.07932692307692307
10 0.3137019230769231 0.04326923076923077 0.05048076923076923 0.08653846153846154
9 0.14903846153846154 0.5973557692307693 0.07932692307692307 0.15144230769230768
3 0.8377403846153846 0.6550480769230769 0.08653846153846154 0.13701923076923078
4 0.7295673076923077 0.6514423076923077 0.06490384615384616 0.11298076923076923
10 0.25 0.6177884615384616 0.06009615384615385 0.11057692307692307
4 0.703125 0.06971153846153846 0.04807692307692308 0.10336538461538461