11 0.6911057692307693 0.09495192307692307 0.06971153846153846 0.18990384615384615
8 0.8798076923076923 0.265625 0.08173076923076923 0.21634615384615385
9 0.5769230769230769 0.6274038461538461 0.06971153846153846 0.17307692307692307
6 0.7692307692307693 0.040865384615384616 0.06490384615384616 0.08173076923076923
12 0.6045673076923077 0.11177884615384616 0.0625 0.14182692307692307
7 0.5877403846153846 0.40024038461538464 0.0625 0.16346153846153846
10 0.7644230769230769 0.1201923076923077 0.05048076923076923 0.11778846153846154
10 0.7788461538461539 0.3004807692307692 0.06009615384615385 0.1201923076923077
10 0.6838942307692307 0.29086538461538464 0.057692307692307696 0.125
10 0.6778846153846154 0.5360576923076923 0.0625 0.12980769230769232
3 0.7980769230769231 0.6262019230769231 0.07692307692307693 0.17307692307692307
1 0.5168269230769231 0.18990384615384615 0.057692307692307696 0.15865384615384615
2 0.23677884615384615 0.25961538461538464 0.09134615384615384 0.22115384615384615
4 0.3293269230769231 0.30649038461538464 0.057692307692307696 0.11538461538461539
4 0.4110576923076923 0.5096153846153846 0.055288461538461536 0.12980769230769232
4 0.48197115384615385 0.6454326923076923 0.0625 0.125