11 0.6634615384615384 0.13822115384615385 0.07211538461538461 0.18509615384615385
8 0.84375 0.30528846153846156 0.08413461538461539 0.21153846153846154
9 0.5456730769230769 0.6490384615384616 0.06971153846153846 0.16826923076923078
6 0.7403846153846154 0.06490384615384616 0.06490384615384616 0.12259615384615384
12 0.5805288461538461 0.15264423076923078 0.06009615384615385 0.13701923076923078
7 0.5600961538461539 0.43028846153846156 0.0625 0.15865384615384615
10 0.734375 0.16346153846153846 0.05048076923076923 0.11298076923076923
10 0.7451923076923077 0.3389423076923077 0.06009615384615385 0.11778846153846154
10 0.6550480769230769 0.3269230769230769 0.057692307692307696 0.12259615384615384
10 0.6442307692307693 0.5625 0.06009615384615385 0.125
3 0.7596153846153846 0.6514423076923077 0.07451923076923077 0.16826923076923078
1 0.4951923076923077 0.22716346153846154 0.06009615384615385 0.15144230769230768
2 0.22355769230769232 0.28966346153846156 0.09134615384615384 0.21634615384615385
4 0.3125 0.33533653846153844 0.055288461538461536 0.11057692307692307
4 0.38822115384615385 0.5324519230769231 0.055288461538461536 0.125
4 0.4543269230769231 0.6646634615384616 0.0625 0.12259615384615384