2 0.22355769230769232 0.30649038461538464 0.0985576923076923 0.21875
6 0.4230769230769231 0.07091346153846154 0.06971153846153846 0.13701923076923078
1 0.49759615384615385 0.2247596153846154 0.0673076923076923 0.16105769230769232
4 0.5865384615384616 0.1622596153846154 0.057692307692307696 0.12740384615384615
4 0.31850961538461536 0.35216346153846156 0.0625 0.12259615384615384
4 0.4098557692307692 0.5576923076923077 0.0673076923076923 0.12740384615384615
4 0.48677884615384615 0.6862980769230769 0.06971153846153846 0.13221153846153846
3 0.5985576923076923 0.6682692307692307 0.07932692307692307 0.1658653846153846
3 0.8040865384615384 0.640625 0.08653846153846154 0.16826923076923078
11 0.6646634615384616 0.12740384615384615 0.07451923076923077 0.18990384615384615
12 0.8185096153846154 0.06610576923076923 0.07932692307692307 0.13221153846153846
8 0.8605769230769231 0.2848557692307692 0.0889423076923077 0.21875
9 0.8173076923076923 0.8004807692307693 0.09134615384615384 0.17548076923076922
7 0.5805288461538461 0.4338942307692308 0.07211538461538461 0.15865384615384615
10 0.6730769230769231 0.31971153846153844 0.06490384615384616 0.12980769230769232
10 0.7439903846153846 0.14423076923076922 0.06009615384615385 0.12259615384615384
10 0.765625 0.3233173076923077 0.057692307692307696 0.125
10 0.6778846153846154 0.5637019230769231 0.0673076923076923 0.13221153846153846