3 0.29086538461538464 0.6262019230769231 0.08173076923076923 0.14903846153846154
6 0.171875 0.7512019230769231 0.08413461538461539 0.14182692307692307
2 0.203125 0.38341346153846156 0.08653846153846154 0.20673076923076922
5 0.390625 0.29927884615384615 0.07211538461538461 0.18509615384615385
6 0.38822115384615385 0.06610576923076923 0.057692307692307696 0.1201923076923077
9 0.390625 0.1346153846153846 0.06009615384615385 0.1346153846153846
9 0.5528846153846154 0.390625 0.06971153846153846 0.13942307692307693
4 0.4567307692307692 0.06610576923076923 0.052884615384615384 0.10576923076923077
4 0.30649038461538464 0.23677884615384615 0.055288461538461536 0.10336538461538461
4 0.3173076923076923 0.15264423076923078 0.052884615384615384 0.10096153846153846
4 0.29447115384615385 0.41225961538461536 0.055288461538461536 0.11298076923076923
4 0.2920673076923077 0.515625 0.06009615384615385 0.11298076923076923
4 0.3713942307692308 0.7463942307692307 0.07211538461538461 0.11538461538461539
4 0.4699519230769231 0.2980769230769231 0.052884615384615384 0.11057692307692307
8 0.8209134615384616 0.3473557692307692 0.08653846153846154 0.20192307692307693
12 0.7704326923076923 0.04447115384615385 0.06009615384615385 0.0889423076923077
12 0.7596153846153846 0.7307692307692307 0.07692307692307693 0.14423076923076922
7 0.84375 0.4675480769230769 0.07451923076923077 0.14423076923076922
11 0.8016826923076923 0.25961538461538464 0.07692307692307693 0.17548076923076922
9 0.6201923076923077 0.18629807692307693 0.0673076923076923 0.14182692307692307
9 0.8425480769230769 0.5841346153846154 0.07932692307692307 0.15144230769230768
10 0.5516826923076923 0.2980769230769231 0.05048076923076923 0.10576923076923077
10 0.6899038461538461 0.046875 0.052884615384615384 0.09375
10 0.7055288461538461 0.21153846153846154 0.055288461538461536 0.11057692307692307
10 0.7235576923076923 0.40024038461538464 0.057692307692307696 0.10817307692307693
10 0.7367788461538461 0.5012019230769231 0.06009615384615385 0.10576923076923077
10 0.7451923076923077 0.6021634615384616 0.0625 0.11057692307692307
10 0.5637019230769231 0.7307692307692307 0.06490384615384616 0.1201923076923077