6 0.18028846153846154 0.7536057692307693 0.08653846153846154 0.14182692307692307
2 0.1971153846153846 0.5060096153846154 0.10576923076923077 0.21153846153846154
5 0.38822115384615385 0.29927884615384615 0.07692307692307693 0.18028846153846154
9 0.4699519230769231 0.13581730769230768 0.07451923076923077 0.1346153846153846
4 0.4495192307692308 0.0673076923076923 0.052884615384615384 0.10336538461538461
4 0.29927884615384615 0.4170673076923077 0.06009615384615385 0.11778846153846154
4 0.3076923076923077 0.23918269230769232 0.0625 0.10817307692307693
4 0.47115384615384615 0.30408653846153844 0.055288461538461536 0.10817307692307693
4 0.375 0.5108173076923077 0.0625 0.11538461538461539
3 0.5528846153846154 0.3894230769230769 0.06971153846153846 0.14182692307692307
9 0.8461538461538461 0.5745192307692307 0.08653846153846154 0.15144230769230768
11 0.625 0.28125 0.07692307692307693 0.17307692307692307
8 0.7211538461538461 0.35216346153846156 0.09134615384615384 0.20192307692307693
10 0.7451923076923077 0.5997596153846154 0.06490384615384616 0.11778846153846154
12 0.7632211538461539 0.7259615384615384 0.07932692307692307 0.14182692307692307
12 0.7632211538461539 0.04567307692307692 0.06971153846153846 0.09134615384615384
10 0.6862980769230769 0.04807692307692308 0.06009615384615385 0.09615384615384616
10 0.5504807692307693 0.3004807692307692 0.06490384615384616 0.11057692307692307
10 0.6935096153846154 0.20552884615384615 0.055288461538461536 0.11538461538461539
7 0.5697115384615384 0.59375 0.07692307692307693 0.15144230769230768
10 0.5709134615384616 0.7307692307692307 0.0673076923076923 0.12259615384615384