6 0.16466346153846154 0.7391826923076923 0.08173076923076923 0.14182692307692307
2 0.18990384615384615 0.49278846153846156 0.08413461538461539 0.20673076923076922
4 0.47115384615384615 0.06610576923076923 0.04807692307692308 0.10817307692307693
3 0.5564903846153846 0.39302884615384615 0.06971153846153846 0.13942307692307693
8 0.7307692307692307 0.36899038461538464 0.07932692307692307 0.20673076923076922
11 0.6358173076923077 0.28846153846153844 0.06971153846153846 0.1875
5 0.39903846153846156 0.2932692307692308 0.06971153846153846 0.1778846153846154
4 0.33052884615384615 0.14543269230769232 0.05048076923076923 0.11057692307692307
4 0.32091346153846156 0.22716346153846154 0.052884615384615384 0.10817307692307693
4 0.3004807692307692 0.40865384615384615 0.052884615384615384 0.10576923076923077
4 0.3762019230769231 0.5096153846153846 0.0625 0.11778846153846154
4 0.4807692307692308 0.2980769230769231 0.055288461538461536 0.11778846153846154
9 0.4879807692307692 0.13221153846153846 0.0673076923076923 0.14903846153846154
9 0.8377403846153846 0.5949519230769231 0.07692307692307693 0.15384615384615385
12 0.7487980769230769 0.7403846153846154 0.08653846153846154 0.14903846153846154
12 0.7860576923076923 0.052884615384615384 0.0625 0.10576923076923077
7 0.5625 0.5985576923076923 0.06971153846153846 0.14903846153846154
10 0.5600961538461539 0.29927884615384615 0.055288461538461536 0.10096153846153846
10 0.7091346153846154 0.051682692307692304 0.052884615384615384 0.0985576923076923
10 0.7115384615384616 0.21153846153846154 0.052884615384615384 0.11538461538461539
10 0.7415865384615384 0.6117788461538461 0.06490384615384616 0.11778846153846154
10 0.5540865384615384 0.7367788461538461 0.0625 0.11538461538461539