6 0.8581730769230769 0.7247596153846154 0.08653846153846154 0.15144230769230768
2 0.8305288461538461 0.46274038461538464 0.0889423076923077 0.21875
4 0.5324519230769231 0.03365384615384615 0.04807692307692308 0.0673076923076923
3 0.4411057692307692 0.3581730769230769 0.07451923076923077 0.14903846153846154
8 0.25721153846153844 0.33052884615384615 0.08413461538461539 0.21875
11 0.3581730769230769 0.24639423076923078 0.07451923076923077 0.20192307692307693
5 0.609375 0.2536057692307692 0.07451923076923077 0.18990384615384615
4 0.6814903846153846 0.09735576923076923 0.052884615384615384 0.11538461538461539
4 0.6923076923076923 0.1814903846153846 0.055288461538461536 0.11538461538461539
4 0.7139423076923077 0.375 0.057692307692307696 0.11298076923076923
4 0.6322115384615384 0.4807692307692308 0.06490384615384616 0.125
4 0.5228365384615384 0.25600961538461536 0.057692307692307696 0.125
9 0.5144230769230769 0.08173076923076923 0.07211538461538461 0.15865384615384615
9 0.14302884615384615 0.5721153846153846 0.08173076923076923 0.16346153846153846
12 0.23918269230769232 0.7271634615384616 0.09375 0.15625
12 0.19591346153846154 0.026442307692307692 0.06490384615384616 0.052884615384615384
7 0.43509615384615385 0.5757211538461539 0.07451923076923077 0.15865384615384615
10 0.4375 0.25841346153846156 0.06009615384615385 0.10817307692307693
10 0.27884615384615385 0.02283653846153846 0.052884615384615384 0.04567307692307692
10 0.27884615384615385 0.1658653846153846 0.057692307692307696 0.12259615384615384
10 0.24639423076923078 0.5889423076923077 0.0673076923076923 0.125
10 0.44471153846153844 0.7223557692307693 0.06490384615384616 0.12259615384615384