6 0.8533653846153846 0.7151442307692307 0.08653846153846154 0.1466346153846154
2 0.8100961538461539 0.4675480769230769 0.09134615384615384 0.2091346153846154
4 0.5 0.0625 0.05048076923076923 0.10817307692307693
3 0.43509615384615385 0.39663461538461536 0.07451923076923077 0.14423076923076922
8 0.2608173076923077 0.38221153846153844 0.08653846153846154 0.2091346153846154
11 0.34975961538461536 0.29447115384615385 0.07692307692307693 0.19230769230769232
5 0.5877403846153846 0.2848557692307692 0.07692307692307693 0.18028846153846154
4 0.6454326923076923 0.1310096153846154 0.055288461538461536 0.11298076923076923
4 0.6610576923076923 0.21153846153846154 0.055288461538461536 0.11298076923076923
4 0.6947115384615384 0.39302884615384615 0.057692307692307696 0.11057692307692307
4 0.625 0.4987980769230769 0.0673076923076923 0.12259615384615384
4 0.5048076923076923 0.29447115384615385 0.06009615384615385 0.1201923076923077
9 0.48677884615384615 0.12860576923076922 0.07451923076923077 0.15384615384615385
9 0.16826923076923078 0.6177884615384616 0.08413461538461539 0.15625
12 0.26802884615384615 0.7572115384615384 0.09375 0.15144230769230768
12 0.18028846153846154 0.06850961538461539 0.06490384615384616 0.10817307692307693
7 0.44350961538461536 0.6021634615384616 0.07451923076923077 0.15144230769230768
10 0.4254807692307692 0.3016826923076923 0.06009615384615385 0.10336538461538461
10 0.2608173076923077 0.0625 0.055288461538461536 0.10096153846153846
10 0.2692307692307692 0.2247596153846154 0.057692307692307696 0.1201923076923077
10 0.2668269230769231 0.6262019230769231 0.06971153846153846 0.1201923076923077
10 0.46153846153846156 0.7403846153846154 0.06490384615384616 0.11778846153846154