2 0.21394230769230768 0.2860576923076923 0.09134615384615384 0.21153846153846154
3 0.33533653846153844 0.7680288461538461 0.08653846153846154 0.16826923076923078
6 0.32091346153846156 0.14543269230769232 0.0625 0.14182692307692307
4 0.28125 0.5336538461538461 0.0625 0.1201923076923077
4 0.46875 0.33413461538461536 0.052884615384615384 0.1201923076923077
1 0.4519230769230769 0.53125 0.0625 0.15384615384615385
1 0.640625 0.1310096153846154 0.07211538461538461 0.16346153846153846
8 0.8185096153846154 0.38341346153846156 0.09134615384615384 0.21634615384615385
10 0.6502403846153846 0.5348557692307693 0.057692307692307696 0.125
9 0.8004807692307693 0.12740384615384615 0.07211538461538461 0.16826923076923078
7 0.484375 0.06009615384615385 0.0625 0.1201923076923077
7 0.8497596153846154 0.6358173076923077 0.07451923076923077 0.15865384615384615