2 0.7824519230769231 0.3112980769230769 0.10096153846153846 0.21394230769230768
3 0.6430288461538461 0.7884615384615384 0.09375 0.17067307692307693
6 0.6790865384615384 0.1658653846153846 0.0673076923076923 0.14423076923076922
4 0.7055288461538461 0.5564903846153846 0.06490384615384616 0.1201923076923077
4 0.5240384615384616 0.35096153846153844 0.057692307692307696 0.1201923076923077
1 0.5360576923076923 0.5480769230769231 0.0673076923076923 0.15625
1 0.3605769230769231 0.14182692307692307 0.07692307692307693 0.1658653846153846
8 0.17307692307692307 0.3870192307692308 0.10096153846153846 0.21875
10 0.33774038461538464 0.5444711538461539 0.0625 0.125
9 0.20072115384615385 0.13221153846153846 0.07692307692307693 0.17307692307692307
7 0.5192307692307693 0.0673076923076923 0.0673076923076923 0.1346153846153846
7 0.1346153846153846 0.6382211538461539 0.07932692307692307 0.16105769230769232