6 0.14783653846153846 0.7980769230769231 0.08173076923076923 0.14903846153846154
2 0.25961538461538464 0.6358173076923077 0.10336538461538461 0.23076923076923078
5 0.3701923076923077 0.30288461538461536 0.08173076923076923 0.18509615384615385
4 0.2800480769230769 0.23918269230769232 0.055288461538461536 0.11538461538461539
4 0.3557692307692308 0.53125 0.06009615384615385 0.125
4 0.4579326923076923 0.3076923076923077 0.057692307692307696 0.11778846153846154
3 0.5432692307692307 0.4014423076923077 0.08653846153846154 0.15384615384615385
11 0.6213942307692307 0.2848557692307692 0.07932692307692307 0.19951923076923078
8 0.7223557692307693 0.3545673076923077 0.08653846153846154 0.22355769230769232
10 0.5432692307692307 0.3016826923076923 0.06490384615384616 0.1201923076923077
10 0.6069711538461539 0.12860576923076922 0.06009615384615385 0.11538461538461539
10 0.6862980769230769 0.04447115384615385 0.055288461538461536 0.0889423076923077
10 0.7475961538461539 0.6153846153846154 0.07451923076923077 0.13701923076923078
12 0.796875 0.18509615384615385 0.07451923076923077 0.13942307692307693
12 0.34975961538461536 0.7668269230769231 0.08653846153846154 0.16826923076923078