2 0.765625 0.3016826923076923 0.08653846153846154 0.2091346153846154
1 0.5841346153846154 0.16105769230769232 0.06009615384615385 0.1466346153846154
6 0.5600961538461539 0.08653846153846154 0.0625 0.12259615384615384
6 0.5036057692307693 0.25 0.0673076923076923 0.125
3 0.4254807692307692 0.25600961538461536 0.06009615384615385 0.13701923076923078
4 0.4050480769230769 0.1875 0.055288461538461536 0.10817307692307693
4 0.6802884615384616 0.34615384615384615 0.052884615384615384 0.11057692307692307
4 0.6033653846153846 0.5540865384615384 0.055288461538461536 0.1201923076923077
4 0.7439903846153846 0.7980769230769231 0.06490384615384616 0.12259615384615384
4 0.5384615384615384 0.6814903846153846 0.06490384615384616 0.12740384615384615
3 0.4387019230769231 0.8016826923076923 0.07692307692307693 0.17307692307692307
8 0.14182692307692307 0.4254807692307692 0.09134615384615384 0.21394230769230768
12 0.17427884615384615 0.09134615384615384 0.0673076923076923 0.13701923076923078
9 0.2283653846153846 0.8137019230769231 0.08653846153846154 0.16826923076923078
11 0.3245192307692308 0.15625 0.07211538461538461 0.1875
7 0.1622596153846154 0.15985576923076922 0.0625 0.1466346153846154
7 0.3425480769230769 0.4411057692307692 0.06490384615384616 0.15144230769230768
10 0.49038461538461536 0.16346153846153846 0.057692307692307696 0.11298076923076923
10 0.2536057692307692 0.17548076923076922 0.06009615384615385 0.11778846153846154
10 0.24158653846153846 0.34975961538461536 0.055288461538461536 0.11298076923076923
10 0.2403846153846154 0.4519230769230769 0.06490384615384616 0.11538461538461539
10 0.34615384615384615 0.578125 0.06490384615384616 0.125