2 0.7800480769230769 0.30408653846153844 0.0889423076923077 0.2091346153846154
1 0.6081730769230769 0.15625 0.0625 0.1466346153846154
6 0.5889423076923077 0.08052884615384616 0.0625 0.1201923076923077
6 0.5264423076923077 0.2403846153846154 0.06971153846153846 0.125
3 0.44711538461538464 0.24158653846153846 0.0625 0.1346153846153846
4 0.43149038461538464 0.17427884615384615 0.057692307692307696 0.10817307692307693
4 0.6935096153846154 0.3449519230769231 0.055288461538461536 0.11057692307692307
4 0.6069711538461539 0.5432692307692307 0.057692307692307696 0.1201923076923077
4 0.734375 0.7932692307692307 0.06490384615384616 0.1201923076923077
4 0.5360576923076923 0.6670673076923077 0.06490384615384616 0.12740384615384615
3 0.4338942307692308 0.7788461538461539 0.07932692307692307 0.17067307692307693
8 0.16105769230769232 0.3942307692307692 0.09134615384615384 0.21153846153846154
12 0.20793269230769232 0.0673076923076923 0.06971153846153846 0.1346153846153846
9 0.2247596153846154 0.78125 0.0889423076923077 0.1658653846153846
11 0.35336538461538464 0.13822115384615385 0.07451923076923077 0.18509615384615385
7 0.1935096153846154 0.13341346153846154 0.06490384615384616 0.14423076923076922
7 0.35697115384615385 0.4206730769230769 0.0673076923076923 0.14903846153846154
10 0.5168269230769231 0.15384615384615385 0.057692307692307696 0.11298076923076923
10 0.28365384615384615 0.15384615384615385 0.0625 0.11778846153846154
10 0.2620192307692308 0.3245192307692308 0.057692307692307696 0.11298076923076923
10 0.25600961538461536 0.4254807692307692 0.06490384615384616 0.11538461538461539
10 0.35336538461538464 0.5552884615384616 0.0673076923076923 0.12259615384615384