5 0.23557692307692307 0.24759615384615385 0.08173076923076923 0.17548076923076922
2 0.22716346153846154 0.3245192307692308 0.0889423076923077 0.20192307692307693
6 0.15985576923076922 0.7055288461538461 0.08173076923076923 0.1466346153846154
6 0.29086538461538464 0.03245192307692308 0.057692307692307696 0.06490384615384616
1 0.27283653846153844 0.15745192307692307 0.055288461538461536 0.13942307692307693
1 0.30408653846153844 0.5877403846153846 0.0673076923076923 0.1346153846153846
4 0.3233173076923077 0.359375 0.05048076923076923 0.10336538461538461
4 0.3088942307692308 0.47115384615384615 0.055288461538461536 0.11057692307692307
4 0.3713942307692308 0.7211538461538461 0.057692307692307696 0.10817307692307693
4 0.40024038461538464 0.5901442307692307 0.057692307692307696 0.11538461538461539
4 0.35216346153846156 0.18028846153846154 0.04807692307692308 0.10096153846153846
4 0.36899038461538464 0.09254807692307693 0.04567307692307692 0.09615384615384616
4 0.3762019230769231 0.027644230769230768 0.04567307692307692 0.055288461538461536
3 0.4495192307692308 0.07932692307692307 0.055288461538461536 0.14182692307692307
3 0.3942307692307692 0.45072115384615385 0.06971153846153846 0.14903846153846154
4 0.5192307692307693 0.26322115384615385 0.05048076923076923 0.11057692307692307
11 0.8677884615384616 0.24879807692307693 0.06971153846153846 0.1778846153846154
8 0.8810096153846154 0.3401442307692308 0.07692307692307693 0.20673076923076922
7 0.8894230769230769 0.4735576923076923 0.06490384615384616 0.14423076923076922
7 0.8665865384615384 0.16826923076923078 0.057692307692307696 0.13942307692307693
9 0.6826923076923077 0.15985576923076922 0.0673076923076923 0.15865384615384615
9 0.8786057692307693 0.5889423076923077 0.07692307692307693 0.16346153846153846
10 0.5733173076923077 0.7247596153846154 0.06009615384615385 0.11298076923076923
10 0.7788461538461539 0.6057692307692307 0.06490384615384616 0.11057692307692307
10 0.7788461538461539 0.5012019230769231 0.06490384615384616 0.11538461538461539
10 0.7716346153846154 0.3870192307692308 0.0625 0.10576923076923077
10 0.7740384615384616 0.2800480769230769 0.06490384615384616 0.10336538461538461
10 0.7728365384615384 0.18870192307692307 0.057692307692307696 0.0985576923076923
10 0.7704326923076923 0.09975961538461539 0.057692307692307696 0.09615384615384616
10 0.7728365384615384 0.037259615384615384 0.04326923076923077 0.057692307692307696
12 0.8545673076923077 0.039663461538461536 0.052884615384615384 0.057692307692307696
12 0.78125 0.7355769230769231 0.06971153846153846 0.14182692307692307