5 0.15625 0.33533653846153844 0.09375 0.18028846153846154
2 0.15745192307692307 0.41586538461538464 0.09615384615384616 0.20673076923076922
6 0.13822115384615385 0.8040865384615384 0.09134615384615384 0.1466346153846154
6 0.1814903846153846 0.09014423076923077 0.057692307692307696 0.1201923076923077
1 0.17908653846153846 0.24278846153846154 0.0625 0.1466346153846154
1 0.26322115384615385 0.6670673076923077 0.07692307692307693 0.14903846153846154
4 0.2644230769230769 0.07572115384615384 0.052884615384615384 0.10576923076923077
4 0.26322115384615385 0.2548076923076923 0.052884615384615384 0.10817307692307693
4 0.2668269230769231 0.16706730769230768 0.05048076923076923 0.10336538461538461
4 0.25240384615384615 0.5516826923076923 0.06490384615384616 0.10576923076923077
4 0.25600961538461536 0.4387019230769231 0.055288461538461536 0.11298076923076923
4 0.3449519230769231 0.7908653846153846 0.06009615384615385 0.11538461538461539
4 0.3605769230769231 0.6610576923076923 0.06490384615384616 0.1201923076923077
4 0.4375 0.3161057692307692 0.055288461538461536 0.11057692307692307
3 0.34615384615384615 0.14423076923076922 0.06490384615384616 0.13942307692307693
3 0.5228365384615384 0.4026442307692308 0.07211538461538461 0.15384615384615385
11 0.7824519230769231 0.25961538461538464 0.07932692307692307 0.18269230769230768
8 0.8076923076923077 0.3485576923076923 0.08653846153846154 0.20432692307692307
7 0.7704326923076923 0.18269230769230768 0.0625 0.14423076923076922
7 0.8329326923076923 0.4831730769230769 0.06971153846153846 0.14423076923076922
9 0.5901442307692307 0.1971153846153846 0.06490384615384616 0.15384615384615385
9 0.8377403846153846 0.6033653846153846 0.08413461538461539 0.15384615384615385
12 0.7560096153846154 0.7572115384615384 0.07692307692307693 0.14903846153846154
12 0.7415865384615384 0.042067307692307696 0.055288461538461536 0.08413461538461539
10 0.6598557692307693 0.04326923076923077 0.04567307692307692 0.08653846153846154
10 0.6670673076923077 0.12259615384615384 0.04807692307692308 0.09615384615384616
10 0.6802884615384616 0.21394230769230768 0.04807692307692308 0.10096153846153846
10 0.6923076923076923 0.3004807692307692 0.055288461538461536 0.10817307692307693
10 0.703125 0.4074519230769231 0.057692307692307696 0.10817307692307693
10 0.7235576923076923 0.5144230769230769 0.057692307692307696 0.11057692307692307
10 0.7355769230769231 0.6225961538461539 0.06009615384615385 0.11538461538461539
10 0.5516826923076923 0.7680288461538461 0.06490384615384616 0.12259615384615384