5 0.7596153846153846 0.28846153846153844 0.09134615384615384 0.17548076923076922
2 0.7752403846153846 0.3641826923076923 0.10096153846153846 0.20192307692307693
1 0.8125 0.49278846153846156 0.07932692307692307 0.1466346153846154
1 0.7211538461538461 0.20072115384615385 0.06971153846153846 0.13701923076923078
3 0.7007211538461539 0.12139423076923077 0.07211538461538461 0.12740384615384615
3 0.8401442307692307 0.6129807692307693 0.09134615384615384 0.1346153846153846
6 0.8713942307692307 0.7451923076923077 0.0889423076923077 0.14182692307692307
6 0.6887019230769231 0.051682692307692304 0.06490384615384616 0.10336538461538461
4 0.6033653846153846 0.057692307692307696 0.052884615384615384 0.10336538461538461
4 0.6189903846153846 0.140625 0.052884615384615384 0.10096153846153846
4 0.640625 0.22596153846153846 0.055288461538461536 0.10576923076923077
4 0.6574519230769231 0.3088942307692308 0.052884615384615384 0.10576923076923077
4 0.6814903846153846 0.40865384615384615 0.06009615384615385 0.10576923076923077
4 0.7055288461538461 0.5204326923076923 0.0673076923076923 0.11538461538461539
4 0.734375 0.6334134615384616 0.0625 0.1201923076923077
4 0.7632211538461539 0.7596153846153846 0.0673076923076923 0.11778846153846154
11 0.12740384615384615 0.33533653846153844 0.08173076923076923 0.18269230769230768
8 0.12379807692307693 0.4266826923076923 0.09134615384615384 0.2091346153846154
7 0.12620192307692307 0.2536057692307692 0.06490384615384616 0.1466346153846154
7 0.12379807692307693 0.5600961538461539 0.07211538461538461 0.14182692307692307
9 0.13341346153846154 0.16947115384615385 0.0673076923076923 0.13701923076923078
9 0.14182692307692307 0.6802884615384616 0.07932692307692307 0.15144230769230768
12 0.12980769230769232 0.8377403846153846 0.08653846153846154 0.14903846153846154
12 0.12620192307692307 0.09254807692307693 0.06009615384615385 0.11538461538461539
10 0.21514423076923078 0.17668269230769232 0.055288461538461536 0.10576923076923077
10 0.20673076923076922 0.09134615384615384 0.052884615384615384 0.10576923076923077
10 0.22115384615384615 0.265625 0.052884615384615384 0.10576923076923077
10 0.2247596153846154 0.3581730769230769 0.057692307692307696 0.11057692307692307
10 0.23677884615384615 0.4639423076923077 0.057692307692307696 0.10817307692307693
10 0.23557692307692307 0.5745192307692307 0.057692307692307696 0.10576923076923077
10 0.24639423076923078 0.6814903846153846 0.06490384615384616 0.11538461538461539
10 0.24519230769230768 0.8137019230769231 0.07692307692307693 0.12259615384615384