10 0.26802884615384615 0.14903846153846154 0.0625 0.11538461538461539
7 0.4411057692307692 0.43149038461538464 0.0673076923076923 0.14903846153846154
8 0.14903846153846154 0.29447115384615385 0.08653846153846154 0.21875
11 0.3425480769230769 0.13341346153846154 0.06971153846153846 0.18990384615384615
12 0.4338942307692308 0.33533653846153844 0.06490384615384616 0.13701923076923078
9 0.44591346153846156 0.6622596153846154 0.07451923076923077 0.1658653846153846
10 0.24639423076923078 0.328125 0.0625 0.125
10 0.34375 0.5673076923076923 0.06490384615384616 0.12980769230769232
6 0.2608173076923077 0.055288461538461536 0.06490384615384616 0.11057692307692307
3 0.22596153846153846 0.6550480769230769 0.07692307692307693 0.17067307692307693
2 0.7896634615384616 0.29927884615384615 0.0985576923076923 0.22115384615384615
4 0.5396634615384616 0.6814903846153846 0.0625 0.12740384615384615
4 0.5973557692307693 0.34975961538461536 0.052884615384615384 0.1201923076923077
4 0.6117788461538461 0.5504807692307693 0.0625 0.13221153846153846