7 0.5733173076923077 0.4423076923076923 0.06971153846153846 0.15384615384615385
12 0.5829326923076923 0.34615384615384615 0.07451923076923077 0.14182692307692307
11 0.6826923076923077 0.15625 0.07932692307692307 0.1875
9 0.546875 0.6610576923076923 0.08413461538461539 0.15384615384615385
10 0.6526442307692307 0.5793269230769231 0.0625 0.1346153846153846
10 0.7548076923076923 0.18509615384615385 0.055288461538461536 0.11057692307692307
10 0.7644230769230769 0.3545673076923077 0.06971153846153846 0.1201923076923077
8 0.8629807692307693 0.3269230769230769 0.09375 0.21875
6 0.7632211538461539 0.0829326923076923 0.06490384615384616 0.1346153846153846
3 0.7704326923076923 0.6658653846153846 0.09375 0.17067307692307693
2 0.2439903846153846 0.29086538461538464 0.09615384615384616 0.2091346153846154
4 0.42788461538461536 0.3473557692307692 0.06009615384615385 0.11778846153846154
4 0.5805288461538461 0.5516826923076923 0.0625 0.12259615384615384
4 0.4579326923076923 0.6754807692307693 0.06490384615384616 0.1201923076923077