7 0.43028846153846156 0.4375 0.07451923076923077 0.15625
12 0.41947115384615385 0.34134615384615385 0.07692307692307693 0.14423076923076922
11 0.3137019230769231 0.15144230769230768 0.08173076923076923 0.18990384615384615
9 0.46033653846153844 0.6586538461538461 0.08653846153846154 0.15625
10 0.35336538461538464 0.5769230769230769 0.06490384615384616 0.1346153846153846
10 0.2439903846153846 0.1814903846153846 0.057692307692307696 0.11057692307692307
10 0.23677884615384615 0.35336538461538464 0.06971153846153846 0.1201923076923077
8 0.13701923076923078 0.3269230769230769 0.0985576923076923 0.22115384615384615
6 0.23076923076923078 0.08173076923076923 0.06971153846153846 0.13221153846153846
3 0.23557692307692307 0.6670673076923077 0.09615384615384616 0.17307692307692307
2 0.7584134615384616 0.2800480769230769 0.10096153846153846 0.21153846153846154
4 0.5757211538461539 0.3389423076923077 0.0625 0.11778846153846154
4 0.4254807692307692 0.546875 0.06490384615384616 0.12259615384615384
4 0.5504807692307693 0.6694711538461539 0.0673076923076923 0.12259615384615384