2 0.7247596153846154 0.3269230769230769 0.10096153846153846 0.21875
11 0.78125 0.1502403846153846 0.09134615384615384 0.18269230769230768
7 0.45913461538461536 0.4411057692307692 0.07211538461538461 0.15865384615384615
12 0.4579326923076923 0.3425480769230769 0.07932692307692307 0.14423076923076922
6 0.3016826923076923 0.06129807692307692 0.06490384615384616 0.12259615384615384
8 0.18028846153846154 0.2920673076923077 0.0985576923076923 0.22355769230769232
10 0.3004807692307692 0.15144230769230768 0.0673076923076923 0.1201923076923077
10 0.36177884615384615 0.5661057692307693 0.06971153846153846 0.12259615384615384
10 0.27283653846153844 0.3293269230769231 0.06490384615384616 0.12740384615384615
4 0.3581730769230769 0.4411057692307692 0.06490384615384616 0.1201923076923077
4 0.6165865384615384 0.3545673076923077 0.06490384615384616 0.12259615384615384
4 0.5504807692307693 0.6850961538461539 0.0625 0.125