2 0.29447115384615385 0.3269230769230769 0.09615384615384616 0.21875
11 0.2439903846153846 0.1466346153846154 0.08653846153846154 0.18269230769230768
7 0.5600961538461539 0.4519230769230769 0.0673076923076923 0.15865384615384615
12 0.5649038461538461 0.35216346153846156 0.07692307692307693 0.1466346153846154
6 0.7331730769230769 0.06610576923076923 0.0625 0.13221153846153846
8 0.8497596153846154 0.3112980769230769 0.09375 0.22596153846153846
10 0.7307692307692307 0.16346153846153846 0.0625 0.1201923076923077
10 0.6538461538461539 0.5829326923076923 0.06490384615384616 0.1201923076923077
10 0.7536057692307693 0.3449519230769231 0.06009615384615385 0.125
4 0.6610576923076923 0.4567307692307692 0.0625 0.1201923076923077
4 0.4026442307692308 0.359375 0.0625 0.1201923076923077
4 0.45913461538461536 0.6983173076923077 0.057692307692307696 0.125