2 0.23557692307692307 0.3016826923076923 0.09375 0.21153846153846154
12 0.5793269230769231 0.35096153846153844 0.07211538461538461 0.14423076923076922
9 0.6610576923076923 0.44471153846153844 0.07211538461538461 0.15384615384615385
7 0.5685096153846154 0.4483173076923077 0.06490384615384616 0.16346153846153846
11 0.6754807692307693 0.15625 0.07692307692307693 0.18509615384615385
8 0.8557692307692307 0.3245192307692308 0.0889423076923077 0.22355769230769232
10 0.75 0.1814903846153846 0.06490384615384616 0.11057692307692307
10 0.7596153846153846 0.3581730769230769 0.06009615384615385 0.1201923076923077
10 0.6538461538461539 0.5841346153846154 0.0625 0.125
6 0.7560096153846154 0.08173076923076923 0.06971153846153846 0.13701923076923078
4 0.4170673076923077 0.3545673076923077 0.057692307692307696 0.125
4 0.5769230769230769 0.5612980769230769 0.06490384615384616 0.11538461538461539
4 0.45552884615384615 0.6862980769230769 0.0673076923076923 0.125