2 0.7704326923076923 0.29086538461538464 0.09134615384615384 0.2091346153846154
12 0.4254807692307692 0.33413461538461536 0.06971153846153846 0.14182692307692307
9 0.3425480769230769 0.4266826923076923 0.06971153846153846 0.15384615384615385
7 0.43509615384615385 0.43149038461538464 0.0625 0.16105769230769232
11 0.3329326923076923 0.13701923076923078 0.07211538461538461 0.18509615384615385
8 0.14903846153846154 0.30408653846153844 0.08653846153846154 0.22355769230769232
10 0.25721153846153844 0.16105769230769232 0.0625 0.10817307692307693
10 0.24519230769230768 0.3389423076923077 0.057692307692307696 0.11778846153846154
10 0.3473557692307692 0.5661057692307693 0.06009615384615385 0.125
6 0.2536057692307692 0.0673076923076923 0.0673076923076923 0.125
4 0.5877403846153846 0.3401442307692308 0.055288461538461536 0.12259615384615384
4 0.42427884615384615 0.5444711538461539 0.0625 0.11298076923076923
4 0.5432692307692307 0.6706730769230769 0.06490384615384616 0.12259615384615384