2 0.7836538461538461 0.31009615384615385 0.0889423076923077 0.21153846153846154
12 0.42908653846153844 0.3485576923076923 0.0673076923076923 0.14423076923076922
9 0.34375 0.4411057692307692 0.0673076923076923 0.15625
7 0.4387019230769231 0.44711538461538464 0.0625 0.16346153846153846
11 0.3389423076923077 0.14543269230769232 0.07211538461538461 0.1875
8 0.14903846153846154 0.3125 0.08413461538461539 0.22596153846153846
10 0.2620192307692308 0.16947115384615385 0.0625 0.11057692307692307
10 0.24519230769230768 0.34975961538461536 0.057692307692307696 0.1201923076923077
10 0.34615384615384615 0.5841346153846154 0.06009615384615385 0.12740384615384615
6 0.25841346153846156 0.06850961538461539 0.0673076923076923 0.13701923076923078
4 0.5961538461538461 0.3581730769230769 0.055288461538461536 0.125
4 0.4254807692307692 0.5637019230769231 0.0625 0.11538461538461539
4 0.5456730769230769 0.6947115384615384 0.0625 0.125