5 0.20552884615384615 0.25841346153846156 0.07451923076923077 0.16346153846153846
2 0.19831730769230768 0.33413461538461536 0.07932692307692307 0.1971153846153846
1 0.2704326923076923 0.59375 0.0625 0.1466346153846154
1 0.2403846153846154 0.17067307692307693 0.057692307692307696 0.14182692307692307
12 0.13221153846153846 0.7115384615384616 0.08173076923076923 0.1466346153846154
12 0.25721153846153844 0.042067307692307696 0.052884615384615384 0.08413461538461539
3 0.5588942307692307 0.375 0.0625 0.13701923076923078
3 0.41225961538461536 0.09375 0.052884615384615384 0.13942307692307693
4 0.3329326923076923 0.10817307692307693 0.04326923076923077 0.0889423076923077
4 0.3449519230769231 0.03365384615384615 0.04567307692307692 0.0673076923076923
4 0.27403846153846156 0.4831730769230769 0.052884615384615384 0.10336538461538461
4 0.2920673076923077 0.3737980769230769 0.052884615384615384 0.10576923076923077
4 0.32211538461538464 0.18990384615384615 0.04807692307692308 0.10576923076923077
4 0.4831730769230769 0.27283653846153844 0.04567307692307692 0.11057692307692307
4 0.36778846153846156 0.5985576923076923 0.055288461538461536 0.11538461538461539
4 0.33413461538461536 0.7259615384615384 0.06009615384615385 0.1201923076923077
12 0.8137019230769231 0.046875 0.057692307692307696 0.07451923076923077
12 0.7415865384615384 0.7427884615384616 0.07211538461538461 0.13942307692307693
8 0.8401442307692307 0.35096153846153844 0.08413461538461539 0.20673076923076922
11 0.8293269230769231 0.2608173076923077 0.08173076923076923 0.1778846153846154
7 0.8485576923076923 0.4831730769230769 0.06971153846153846 0.1466346153846154
7 0.6526442307692307 0.042067307692307696 0.055288461538461536 0.07692307692307693
9 0.6466346153846154 0.17067307692307693 0.0625 0.14182692307692307
9 0.8353365384615384 0.5997596153846154 0.07932692307692307 0.1466346153846154
10 0.5372596153846154 0.7295673076923077 0.06009615384615385 0.11298076923076923
10 0.7379807692307693 0.5012019230769231 0.05048076923076923 0.10336538461538461
10 0.7355769230769231 0.609375 0.0625 0.11057692307692307
10 0.7295673076923077 0.39663461538461536 0.052884615384615384 0.11057692307692307
10 0.5649038461538461 0.2776442307692308 0.04807692307692308 0.10336538461538461
10 0.5793269230769231 0.11057692307692307 0.04807692307692308 0.10096153846153846
10 0.7307692307692307 0.19951923076923078 0.05048076923076923 0.10817307692307693
10 0.7319711538461539 0.046875 0.05048076923076923 0.07932692307692307