5 0.7932692307692307 0.29086538461538464 0.07692307692307693 0.16346153846153846
2 0.7944711538461539 0.36658653846153844 0.08173076923076923 0.1971153846153846
1 0.6995192307692307 0.6189903846153846 0.06490384615384616 0.1466346153846154
1 0.765625 0.19831730769230768 0.06009615384615385 0.14423076923076922
12 0.828125 0.7487980769230769 0.08413461538461539 0.14903846153846154
12 0.7608173076923077 0.0625 0.055288461538461536 0.10096153846153846
3 0.43149038461538464 0.3737980769230769 0.06490384615384616 0.13942307692307693
3 0.6021634615384616 0.10697115384615384 0.055288461538461536 0.13942307692307693
4 0.6790865384615384 0.12740384615384615 0.04567307692307692 0.0889423076923077
4 0.6754807692307693 0.04807692307692308 0.04807692307692308 0.07932692307692307
4 0.7055288461538461 0.5072115384615384 0.055288461538461536 0.10576923076923077
4 0.6983173076923077 0.39663461538461536 0.055288461538461536 0.10817307692307693
4 0.6838942307692307 0.21033653846153846 0.05048076923076923 0.10576923076923077
4 0.515625 0.2800480769230769 0.04567307692307692 0.11057692307692307
4 0.6009615384615384 0.6153846153846154 0.057692307692307696 0.11538461538461539
4 0.6237980769230769 0.7451923076923077 0.0625 0.12259615384615384
12 0.203125 0.03125 0.06009615384615385 0.0625
12 0.21754807692307693 0.7247596153846154 0.07451923076923077 0.14182692307692307
8 0.15264423076923078 0.3269230769230769 0.08653846153846154 0.2091346153846154
11 0.171875 0.23798076923076922 0.08413461538461539 0.1778846153846154
7 0.13341346153846154 0.4567307692307692 0.07211538461538461 0.1466346153846154
7 0.36658653846153844 0.036057692307692304 0.055288461538461536 0.07211538461538461
9 0.36177884615384615 0.16466346153846154 0.06490384615384616 0.14182692307692307
9 0.13581730769230768 0.5733173076923077 0.08173076923076923 0.14903846153846154
10 0.421875 0.7295673076923077 0.06009615384615385 0.11538461538461539
10 0.24158653846153846 0.484375 0.052884615384615384 0.10336538461538461
10 0.23557692307692307 0.59375 0.06490384615384616 0.11298076923076923
10 0.25841346153846156 0.3798076923076923 0.052884615384615384 0.11057692307692307
10 0.4338942307692308 0.2764423076923077 0.05048076923076923 0.10336538461538461
10 0.4338942307692308 0.11057692307692307 0.05048076923076923 0.10096153846153846
10 0.27524038461538464 0.18509615384615385 0.05048076923076923 0.10817307692307693
10 0.28725961538461536 0.03485576923076923 0.05048076923076923 0.06971153846153846