8 0.8377403846153846 0.390625 0.0889423076923077 0.21634615384615385
12 0.78125 0.06610576923076923 0.0673076923076923 0.13221153846153846
7 0.796875 0.12860576923076922 0.06971153846153846 0.15625
7 0.8689903846153846 0.6598557692307693 0.08413461538461539 0.15384615384615385
9 0.8425480769230769 0.5372596153846154 0.07211538461538461 0.14903846153846154
9 0.6382211538461539 0.32091346153846156 0.0625 0.14182692307692307
11 0.6346153846153846 0.1346153846153846 0.07692307692307693 0.18509615384615385
10 0.5588942307692307 0.07451923076923077 0.055288461538461536 0.11538461538461539
10 0.5649038461538461 0.24158653846153846 0.057692307692307696 0.11298076923076923
10 0.7079326923076923 0.1502403846153846 0.055288461538461536 0.11538461538461539
10 0.7307692307692307 0.328125 0.057692307692307696 0.11538461538461539
10 0.7355769230769231 0.4326923076923077 0.06490384615384616 0.11778846153846154
10 0.7632211538461539 0.6670673076923077 0.07211538461538461 0.12259615384615384
5 0.4675480769230769 0.4254807692307692 0.07451923076923077 0.1971153846153846
1 0.6394230769230769 0.5444711538461539 0.07211538461538461 0.15625
3 0.38461538461538464 0.34375 0.06971153846153846 0.15144230769230768
3 0.3581730769230769 0.6730769230769231 0.07692307692307693 0.17307692307692307
2 0.19831730769230768 0.31009615384615385 0.09134615384615384 0.2091346153846154
1 0.3137019230769231 0.08653846153846154 0.06490384615384616 0.1466346153846154
6 0.2283653846153846 0.09134615384615384 0.06490384615384616 0.1346153846153846
6 0.1778846153846154 0.5661057692307693 0.07932692307692307 0.15144230769230768
4 0.25600961538461536 0.8149038461538461 0.06971153846153846 0.1201923076923077
4 0.2932692307692308 0.35697115384615385 0.057692307692307696 0.11298076923076923
4 0.3942307692307692 0.17668269230769232 0.057692307692307696 0.1201923076923077
4 0.4651442307692308 0.2620192307692308 0.055288461538461536 0.11538461538461539
4 0.38221153846153844 0.5504807692307693 0.06009615384615385 0.12259615384615384
4 0.4579326923076923 0.6838942307692307 0.06009615384615385 0.12740384615384615