8 0.8521634615384616 0.43509615384615385 0.08653846153846154 0.21634615384615385
12 0.8269230769230769 0.1045673076923077 0.06490384615384616 0.1346153846153846
7 0.8353365384615384 0.16826923076923078 0.0673076923076923 0.15625
7 0.8605769230769231 0.7079326923076923 0.08413461538461539 0.15144230769230768
9 0.8449519230769231 0.5817307692307693 0.06971153846153846 0.1466346153846154
9 0.6598557692307693 0.3473557692307692 0.0625 0.14182692307692307
11 0.671875 0.16105769230769232 0.07451923076923077 0.18509615384615385
10 0.6009615384615384 0.09375 0.055288461538461536 0.11538461538461539
10 0.5925480769230769 0.2620192307692308 0.055288461538461536 0.11298076923076923
10 0.7439903846153846 0.1814903846153846 0.055288461538461536 0.11538461538461539
10 0.7512019230769231 0.36177884615384615 0.057692307692307696 0.11538461538461539
10 0.7463942307692307 0.4675480769230769 0.06490384615384616 0.11538461538461539
10 0.7536057692307693 0.703125 0.06971153846153846 0.12259615384615384
5 0.47836538461538464 0.4375 0.07211538461538461 0.1971153846153846
1 0.6418269230769231 0.5721153846153846 0.06971153846153846 0.15625
3 0.4026442307692308 0.3473557692307692 0.0673076923076923 0.15144230769230768
3 0.3473557692307692 0.6766826923076923 0.07451923076923077 0.17307692307692307
2 0.21995192307692307 0.2980769230769231 0.0889423076923077 0.2091346153846154
1 0.3545673076923077 0.08413461538461539 0.0625 0.1466346153846154
6 0.2692307692307692 0.08173076923076923 0.0625 0.1346153846153846
6 0.17548076923076922 0.5528846153846154 0.07692307692307693 0.15384615384615385
4 0.23317307692307693 0.8088942307692307 0.0673076923076923 0.1201923076923077
4 0.31009615384615385 0.35336538461538464 0.055288461538461536 0.11298076923076923
4 0.4266826923076923 0.1814903846153846 0.055288461538461536 0.11778846153846154
4 0.49038461538461536 0.27403846153846156 0.052884615384615384 0.11298076923076923
4 0.38221153846153844 0.5552884615384616 0.057692307692307696 0.1201923076923077
4 0.44711538461538464 0.6947115384615384 0.06009615384615385 0.125