6 0.8725961538461539 0.7704326923076923 0.07932692307692307 0.13942307692307693
6 0.7163461538461539 0.06490384615384616 0.06009615384615385 0.11298076923076923
5 0.7067307692307693 0.4026442307692308 0.07451923076923077 0.17548076923076922
2 0.7680288461538461 0.28365384615384615 0.0889423076923077 0.19951923076923078
3 0.8257211538461539 0.5288461538461539 0.07692307692307693 0.13701923076923078
3 0.6021634615384616 0.33413461538461536 0.0673076923076923 0.13942307692307693
1 0.7295673076923077 0.140625 0.0625 0.13942307692307693
1 0.5144230769230769 0.3293269230769231 0.055288461538461536 0.13942307692307693
4 0.7632211538461539 0.7800480769230769 0.06490384615384616 0.11778846153846154
4 0.6790865384615384 0.3329326923076923 0.05048076923076923 0.10576923076923077
4 0.5625 0.16947115384615385 0.05048076923076923 0.11298076923076923
4 0.4879807692307692 0.08413461538461539 0.04807692307692308 0.10336538461538461
4 0.5024038461538461 0.2608173076923077 0.04807692307692308 0.10576923076923077
4 0.5324519230769231 0.44591346153846156 0.05048076923076923 0.10817307692307693
4 0.6057692307692307 0.5420673076923077 0.052884615384615384 0.11538461538461539
4 0.5540865384615384 0.6706730769230769 0.057692307692307696 0.125
8 0.15625 0.4230769230769231 0.08653846153846154 0.20192307692307693
9 0.34375 0.3389423076923077 0.06490384615384616 0.14182692307692307
9 0.16105769230769232 0.5673076923076923 0.07692307692307693 0.13701923076923078
12 0.3629807692307692 0.7920673076923077 0.07451923076923077 0.14423076923076922
12 0.17427884615384615 0.10216346153846154 0.057692307692307696 0.125
7 0.16466346153846154 0.16466346153846154 0.0625 0.14903846153846154
7 0.1502403846153846 0.6887019230769231 0.06971153846153846 0.1466346153846154
11 0.25961538461538464 0.22956730769230768 0.07692307692307693 0.17067307692307693
10 0.25600961538461536 0.17668269230769232 0.04567307692307692 0.10817307692307693
10 0.2512019230769231 0.34975961538461536 0.05048076923076923 0.10576923076923077
10 0.39302884615384615 0.08533653846153846 0.05048076923076923 0.10817307692307693
10 0.40384615384615385 0.24879807692307693 0.052884615384615384 0.11057692307692307
10 0.25600961538461536 0.453125 0.055288461538461536 0.10817307692307693
10 0.2548076923076923 0.6862980769230769 0.06009615384615385 0.11298076923076923
10 0.4651442307692308 0.7980769230769231 0.0625 0.1201923076923077
10 0.4338942307692308 0.5661057692307693 0.055288461538461536 0.11538461538461539