6 0.8713942307692307 0.7620192307692307 0.08413461538461539 0.14182692307692307
6 0.6995192307692307 0.05048076923076923 0.0625 0.10096153846153846
5 0.6959134615384616 0.3894230769230769 0.07932692307692307 0.18028846153846154
2 0.7560096153846154 0.2668269230769231 0.09615384615384616 0.20673076923076922
3 0.8197115384615384 0.5168269230769231 0.08173076923076923 0.13942307692307693
3 0.5877403846153846 0.32211538461538464 0.06971153846153846 0.14182692307692307
1 0.7139423076923077 0.12139423076923077 0.0673076923076923 0.14423076923076922
1 0.4963942307692308 0.31850961538461536 0.06009615384615385 0.14423076923076922
4 0.7608173076923077 0.7716346153846154 0.0673076923076923 0.12259615384615384
4 0.6670673076923077 0.31850961538461536 0.055288461538461536 0.11057692307692307
4 0.5432692307692307 0.15504807692307693 0.052884615384615384 0.11538461538461539
4 0.46634615384615385 0.0673076923076923 0.05048076923076923 0.10817307692307693
4 0.484375 0.24759615384615385 0.052884615384615384 0.11057692307692307
4 0.5180288461538461 0.4362980769230769 0.055288461538461536 0.11057692307692307
4 0.5949519230769231 0.5348557692307693 0.055288461538461536 0.11778846153846154
4 0.546875 0.6646634615384616 0.0625 0.12740384615384615
8 0.13581730769230768 0.41947115384615385 0.09134615384615384 0.20673076923076922
9 0.3245192307692308 0.3293269230769231 0.06971153846153846 0.14423076923076922
9 0.140625 0.5661057692307693 0.07932692307692307 0.14182692307692307
12 0.35216346153846156 0.7932692307692307 0.07932692307692307 0.14903846153846154
12 0.14783653846153846 0.09254807692307693 0.06009615384615385 0.12740384615384615
7 0.13822115384615385 0.15625 0.0673076923076923 0.15144230769230768
7 0.13341346153846154 0.6911057692307693 0.07451923076923077 0.14903846153846154
11 0.23557692307692307 0.22115384615384615 0.08173076923076923 0.17548076923076922
10 0.23076923076923078 0.16706730769230768 0.05048076923076923 0.11057692307692307
10 0.22956730769230768 0.3425480769230769 0.052884615384615384 0.10817307692307693
10 0.3701923076923077 0.07091346153846154 0.052884615384615384 0.11057692307692307
10 0.38461538461538464 0.23677884615384615 0.055288461538461536 0.11298076923076923
10 0.23557692307692307 0.44711538461538464 0.06009615384615385 0.11057692307692307
10 0.23918269230769232 0.6862980769230769 0.0625 0.11538461538461539
10 0.45552884615384615 0.796875 0.06490384615384616 0.125
10 0.4206730769230769 0.5612980769230769 0.06009615384615385 0.11778846153846154