2 0.7716346153846154 0.2848557692307692 0.0889423076923077 0.22115384615384615
6 0.5661057692307693 0.07451923076923077 0.06009615384615385 0.1346153846153846
1 0.5072115384615384 0.22355769230769232 0.07211538461538461 0.15865384615384615
4 0.6850961538461539 0.3317307692307692 0.057692307692307696 0.11778846153846154
4 0.6129807692307693 0.5348557692307693 0.0625 0.125
4 0.5492788461538461 0.6598557692307693 0.0625 0.12980769230769232
4 0.41346153846153844 0.17307692307692307 0.06009615384615385 0.12259615384615384
3 0.3485576923076923 0.43509615384615385 0.07451923076923077 0.15625
3 0.24278846153846154 0.6418269230769231 0.07932692307692307 0.1658653846153846
9 0.23677884615384615 0.7896634615384616 0.07932692307692307 0.15865384615384615
12 0.1875 0.08413461538461539 0.0673076923076923 0.13221153846153846
11 0.3401442307692308 0.13942307692307693 0.06971153846153846 0.18269230769230768
8 0.15865384615384615 0.30288461538461536 0.0889423076923077 0.20673076923076922
7 0.4387019230769231 0.4230769230769231 0.0673076923076923 0.16105769230769232
10 0.34615384615384615 0.32211538461538464 0.055288461538461536 0.11538461538461539
10 0.26802884615384615 0.16105769230769232 0.06009615384615385 0.11298076923076923
10 0.25721153846153844 0.33413461538461536 0.0625 0.12259615384615384
10 0.3545673076923077 0.5612980769230769 0.07211538461538461 0.12740384615384615