2 0.7644230769230769 0.2860576923076923 0.0889423076923077 0.22115384615384615
6 0.5576923076923077 0.0733173076923077 0.06009615384615385 0.13701923076923078
1 0.4987980769230769 0.22355769230769232 0.07211538461538461 0.15865384615384615
4 0.6778846153846154 0.3329326923076923 0.057692307692307696 0.11778846153846154
4 0.6057692307692307 0.5360576923076923 0.0625 0.125
4 0.5420673076923077 0.6622596153846154 0.0625 0.13221153846153846
4 0.4050480769230769 0.17307692307692307 0.06009615384615385 0.12259615384615384
3 0.3389423076923077 0.4362980769230769 0.07692307692307693 0.15865384615384615
3 0.23317307692307693 0.6430288461538461 0.07932692307692307 0.1658653846153846
9 0.22716346153846154 0.7920673076923077 0.08173076923076923 0.15865384615384615
12 0.17668269230769232 0.08533653846153846 0.0673076923076923 0.13221153846153846
11 0.33052884615384615 0.13942307692307693 0.06971153846153846 0.18269230769230768
8 0.14783653846153846 0.30408653846153844 0.09134615384615384 0.2091346153846154
7 0.43028846153846156 0.42427884615384615 0.0673076923076923 0.16105769230769232
10 0.33653846153846156 0.3233173076923077 0.055288461538461536 0.11538461538461539
10 0.25841346153846156 0.16105769230769232 0.06009615384615385 0.11298076923076923
10 0.24759615384615385 0.33533653846153844 0.0625 0.12259615384615384
10 0.3449519230769231 0.5625 0.07211538461538461 0.12740384615384615