3 0.4050480769230769 0.12740384615384615 0.055288461538461536 0.12980769230769232
3 0.5588942307692307 0.3870192307692308 0.057692307692307696 0.14182692307692307
1 0.2920673076923077 0.6177884615384616 0.06490384615384616 0.13701923076923078
1 0.23677884615384615 0.21995192307692307 0.057692307692307696 0.13701923076923078
2 0.20552884615384615 0.3701923076923077 0.07932692307692307 0.20192307692307693
6 0.16346153846153846 0.7391826923076923 0.07692307692307693 0.14903846153846154
6 0.4074519230769231 0.057692307692307696 0.052884615384615384 0.11298076923076923
5 0.39783653846153844 0.28966346153846156 0.06009615384615385 0.16826923076923078
4 0.3317307692307692 0.13942307692307693 0.04567307692307692 0.09615384615384616
4 0.32091346153846156 0.22956730769230768 0.04807692307692308 0.10336538461538461
4 0.2920673076923077 0.5084134615384616 0.055288461538461536 0.10096153846153846
4 0.3004807692307692 0.4014423076923077 0.04807692307692308 0.10336538461538461
4 0.3858173076923077 0.6189903846153846 0.055288461538461536 0.11538461538461539
4 0.3605769230769231 0.7439903846153846 0.052884615384615384 0.11538461538461539
4 0.47716346153846156 0.05889423076923077 0.04567307692307692 0.0985576923076923
4 0.4831730769230769 0.2980769230769231 0.04567307692307692 0.10096153846153846
7 0.6334134615384616 0.04927884615384615 0.055288461538461536 0.0985576923076923
8 0.8305288461538461 0.3557692307692308 0.07692307692307693 0.20192307692307693
7 0.8485576923076923 0.47836538461538464 0.0625 0.1346153846153846
11 0.8149038461538461 0.26802884615384615 0.07451923076923077 0.1778846153846154
12 0.7536057692307693 0.7379807692307693 0.06971153846153846 0.14182692307692307
12 0.7884615384615384 0.04927884615384615 0.057692307692307696 0.0985576923076923
9 0.8413461538461539 0.5901442307692307 0.07451923076923077 0.1466346153846154
9 0.6358173076923077 0.18990384615384615 0.052884615384615384 0.13221153846153846
10 0.5637019230769231 0.296875 0.05048076923076923 0.10336538461538461
10 0.5685096153846154 0.13221153846153846 0.05048076923076923 0.10817307692307693
10 0.7103365384615384 0.04927884615384615 0.04567307692307692 0.0985576923076923
10 0.7175480769230769 0.2127403846153846 0.04567307692307692 0.10336538461538461
10 0.7295673076923077 0.4014423076923077 0.052884615384615384 0.10096153846153846
10 0.7391826923076923 0.5084134615384616 0.052884615384615384 0.0985576923076923
10 0.7439903846153846 0.6081730769230769 0.052884615384615384 0.10817307692307693
10 0.5588942307692307 0.7307692307692307 0.055288461538461536 0.10576923076923077