3 0.4050480769230769 0.12980769230769232 0.055288461538461536 0.12980769230769232
3 0.5576923076923077 0.3870192307692308 0.057692307692307696 0.14182692307692307
1 0.2920673076923077 0.6165865384615384 0.06490384615384616 0.13701923076923078
1 0.23677884615384615 0.22115384615384615 0.055288461538461536 0.13701923076923078
2 0.20673076923076922 0.3713942307692308 0.07692307692307693 0.20192307692307693
6 0.16466346153846154 0.7379807692307693 0.07692307692307693 0.14903846153846154
6 0.40625 0.05889423076923077 0.05048076923076923 0.11538461538461539
5 0.39783653846153844 0.29086538461538464 0.06009615384615385 0.16826923076923078
4 0.3317307692307692 0.14182692307692307 0.04567307692307692 0.09615384615384616
4 0.32091346153846156 0.23076923076923078 0.04807692307692308 0.10096153846153846
4 0.2920673076923077 0.5084134615384616 0.055288461538461536 0.10096153846153846
4 0.3004807692307692 0.4026442307692308 0.04807692307692308 0.10096153846153846
4 0.3858173076923077 0.6189903846153846 0.055288461538461536 0.11298076923076923
4 0.3605769230769231 0.7427884615384616 0.052884615384615384 0.11538461538461539
4 0.47596153846153844 0.06129807692307692 0.04567307692307692 0.09615384615384616
4 0.48197115384615385 0.29927884615384615 0.04567307692307692 0.0985576923076923
7 0.6310096153846154 0.05048076923076923 0.055288461538461536 0.10096153846153846
8 0.828125 0.35697115384615385 0.07692307692307693 0.19951923076923078
7 0.8461538461538461 0.47836538461538464 0.0625 0.1346153846153846
11 0.8125 0.2692307692307692 0.07451923076923077 0.1778846153846154
12 0.7512019230769231 0.7367788461538461 0.06971153846153846 0.14182692307692307
12 0.7860576923076923 0.05048076923076923 0.057692307692307696 0.10096153846153846
9 0.8389423076923077 0.5889423076923077 0.07451923076923077 0.1466346153846154
9 0.6346153846153846 0.19110576923076922 0.052884615384615384 0.13221153846153846
10 0.5625 0.2980769230769231 0.05048076923076923 0.10336538461538461
10 0.5673076923076923 0.1346153846153846 0.05048076923076923 0.10576923076923077
10 0.7079326923076923 0.05048076923076923 0.04567307692307692 0.10096153846153846
10 0.7151442307692307 0.21394230769230768 0.04567307692307692 0.10336538461538461
10 0.7271634615384616 0.4014423076923077 0.052884615384615384 0.10096153846153846
10 0.7367788461538461 0.5084134615384616 0.052884615384615384 0.0985576923076923
10 0.7415865384615384 0.6081730769230769 0.052884615384615384 0.10576923076923077
10 0.5576923076923077 0.7295673076923077 0.055288461538461536 0.10576923076923077