3 0.44471153846153844 0.12980769230769232 0.06971153846153846 0.13942307692307693
3 0.5709134615384616 0.41346153846153844 0.07211538461538461 0.15144230769230768
1 0.2668269230769231 0.6153846153846154 0.07932692307692307 0.1466346153846154
1 0.2608173076923077 0.20072115384615385 0.06971153846153846 0.1466346153846154
2 0.21153846153846154 0.35216346153846156 0.0985576923076923 0.21394230769230768
6 0.12259615384615384 0.7235576923076923 0.09134615384615384 0.15865384615384615
6 0.453125 0.05889423076923077 0.06490384615384616 0.11778846153846154
5 0.4182692307692308 0.2932692307692308 0.07692307692307693 0.18028846153846154
4 0.36658653846153844 0.13221153846153846 0.055288461538461536 0.10336538461538461
4 0.34615384615384615 0.22115384615384615 0.057692307692307696 0.10817307692307693
4 0.2824519230769231 0.5036057692307693 0.06490384615384616 0.10817307692307693
4 0.3016826923076923 0.3954326923076923 0.057692307692307696 0.10817307692307693
4 0.3629807692307692 0.6298076923076923 0.0673076923076923 0.12259615384615384
4 0.32211538461538464 0.7548076923076923 0.06490384615384616 0.12259615384615384
4 0.5264423076923077 0.06610576923076923 0.055288461538461536 0.10336538461538461
4 0.5036057692307693 0.3125 0.055288461538461536 0.10576923076923077
7 0.6899038461538461 0.0733173076923077 0.06490384615384616 0.11538461538461539
8 0.8521634615384616 0.41586538461538464 0.09615384615384616 0.21153846153846154
7 0.8557692307692307 0.5432692307692307 0.07692307692307693 0.14423076923076922
11 0.8461538461538461 0.3245192307692308 0.09375 0.1875
12 0.7259615384615384 0.7980769230769231 0.08413461538461539 0.15144230769230768
12 0.8485576923076923 0.09014423076923077 0.06971153846153846 0.11778846153846154
9 0.8353365384615384 0.65625 0.0889423076923077 0.15625
9 0.6730769230769231 0.22115384615384615 0.0673076923076923 0.13942307692307693
10 0.5853365384615384 0.32211538461538464 0.06009615384615385 0.11057692307692307
10 0.6117788461538461 0.15384615384615385 0.0625 0.11298076923076923
10 0.7692307692307693 0.08413461538461539 0.057692307692307696 0.11538461538461539
10 0.7536057692307693 0.2548076923076923 0.057692307692307696 0.11057692307692307
10 0.7427884615384616 0.4495192307692308 0.0625 0.10817307692307693
10 0.7403846153846154 0.5588942307692307 0.06490384615384616 0.10576923076923077
10 0.7307692307692307 0.6634615384615384 0.06490384615384616 0.11538461538461539
10 0.5276442307692307 0.765625 0.0673076923076923 0.11538461538461539