12 0.16346153846153846 0.1141826923076923 0.08173076923076923 0.1346153846153846
12 0.16346153846153846 0.1141826923076923 0.08173076923076923 0.1346153846153846
8 0.15865384615384615 0.4387019230769231 0.10817307692307693 0.23317307692307693
11 0.31850961538461536 0.16105769230769232 0.08413461538461539 0.18990384615384615
7 0.15625 0.1814903846153846 0.07211538461538461 0.15384615384615385
7 0.3545673076923077 0.4423076923076923 0.08173076923076923 0.15625
9 0.2608173076923077 0.8161057692307693 0.10096153846153846 0.1778846153846154
10 0.24639423076923078 0.1875 0.057692307692307696 0.12740384615384615
10 0.24639423076923078 0.3629807692307692 0.06490384615384616 0.11538461538461539
10 0.2548076923076923 0.46274038461538464 0.0673076923076923 0.12740384615384615
10 0.36658653846153844 0.5817307692307693 0.07211538461538461 0.12740384615384615
2 0.7596153846153846 0.28125 0.10336538461538461 0.22115384615384615
3 0.46875 0.7932692307692307 0.09134615384615384 0.16826923076923078
1 0.5745192307692307 0.15144230769230768 0.0625 0.1466346153846154
3 0.421875 0.2536057692307692 0.07451923076923077 0.1466346153846154
6 0.5408653846153846 0.078125 0.06490384615384616 0.1346153846153846
6 0.47716346153846156 0.16346153846153846 0.07211538461538461 0.13701923076923078
4 0.39302884615384615 0.18990384615384615 0.057692307692307696 0.11298076923076923
4 0.7752403846153846 0.765625 0.07692307692307693 0.125
4 0.6766826923076923 0.3317307692307692 0.06009615384615385 0.11298076923076923
4 0.6153846153846154 0.5360576923076923 0.06490384615384616 0.1201923076923077
4 0.5625 0.6658653846153846 0.0673076923076923 0.12259615384615384