12 0.796875 0.05889423076923077 0.07451923076923077 0.11778846153846154
12 0.796875 0.05889423076923077 0.07451923076923077 0.11778846153846154
8 0.8377403846153846 0.38100961538461536 0.09615384615384616 0.23557692307692307
11 0.6442307692307693 0.11538461538461539 0.07451923076923077 0.19230769230769232
7 0.8125 0.11658653846153846 0.06490384615384616 0.15384615384615385
7 0.6370192307692307 0.4074519230769231 0.07451923076923077 0.15865384615384615
9 0.7740384615384616 0.7800480769230769 0.09134615384615384 0.1778846153846154
10 0.7211538461538461 0.1346153846153846 0.05048076923076923 0.12740384615384615
10 0.7379807692307693 0.31490384615384615 0.06009615384615385 0.11538461538461539
10 0.7415865384615384 0.41586538461538464 0.0625 0.12740384615384615
10 0.640625 0.5504807692307693 0.0673076923076923 0.125
2 0.20432692307692307 0.2860576923076923 0.09375 0.22355769230769232
3 0.5564903846153846 0.7788461538461539 0.08173076923076923 0.16826923076923078
1 0.38100961538461536 0.13341346153846154 0.055288461538461536 0.1466346153846154
3 0.5480769230769231 0.21995192307692307 0.06971153846153846 0.1466346153846154
6 0.40865384615384615 0.06009615384615385 0.057692307692307696 0.11778846153846154
6 0.4807692307692308 0.13341346153846154 0.0625 0.13942307692307693
4 0.5697115384615384 0.15144230769230768 0.05048076923076923 0.11298076923076923
4 0.2403846153846154 0.7848557692307693 0.06971153846153846 0.125
4 0.29447115384615385 0.328125 0.055288461538461536 0.11298076923076923
4 0.3786057692307692 0.53125 0.057692307692307696 0.1201923076923077
4 0.44711538461538464 0.6586538461538461 0.0625 0.12259615384615384