12 0.23557692307692307 0.06009615384615385 0.08173076923076923 0.1201923076923077
12 0.23557692307692307 0.06009615384615385 0.08173076923076923 0.1201923076923077
8 0.17307692307692307 0.3786057692307692 0.11057692307692307 0.23798076923076922
11 0.38221153846153844 0.12860576923076922 0.08653846153846154 0.19471153846153846
7 0.21634615384615385 0.11899038461538461 0.07451923076923077 0.15625
7 0.36778846153846156 0.4182692307692308 0.08413461538461539 0.16105769230769232
9 0.20793269230769232 0.7764423076923077 0.10096153846153846 0.18028846153846154
10 0.30408653846153844 0.14302884615384615 0.06009615384615385 0.12980769230769232
10 0.27403846153846156 0.31850961538461536 0.0673076923076923 0.11778846153846154
10 0.265625 0.41947115384615385 0.06971153846153846 0.12980769230769232
10 0.3557692307692308 0.5588942307692307 0.07451923076923077 0.12980769230769232
2 0.8040865384615384 0.3293269230769231 0.10576923076923077 0.22596153846153846
3 0.4230769230769231 0.7896634615384616 0.09134615384615384 0.17307692307692307
1 0.6418269230769231 0.16466346153846154 0.06490384615384616 0.14903846153846154
3 0.4699519230769231 0.23918269230769232 0.07692307692307693 0.14903846153846154
6 0.6201923076923077 0.0829326923076923 0.0673076923076923 0.13701923076923078
6 0.5420673076923077 0.15865384615384615 0.07211538461538461 0.14182692307692307
4 0.453125 0.17067307692307693 0.057692307692307696 0.11538461538461539
4 0.7355769230769231 0.8173076923076923 0.07692307692307693 0.12740384615384615
4 0.7127403846153846 0.3629807692307692 0.0625 0.11538461538461539
4 0.6141826923076923 0.5564903846153846 0.06490384615384616 0.12259615384615384
4 0.5384615384615384 0.6790865384615384 0.06971153846153846 0.125