8 0.13341346153846154 0.39302884615384615 0.07692307692307693 0.2091346153846154
2 0.7848557692307693 0.375 0.08173076923076923 0.20432692307692307
11 0.14543269230769232 0.29927884615384615 0.07451923076923077 0.18269230769230768
5 0.7752403846153846 0.29927884615384615 0.07932692307692307 0.17548076923076922
9 0.13341346153846154 0.6442307692307693 0.07932692307692307 0.1466346153846154
3 0.41947115384615385 0.4110576923076923 0.0625 0.14423076923076922
3 0.5637019230769231 0.12860576923076922 0.055288461538461536 0.14423076923076922
7 0.12379807692307693 0.5264423076923077 0.06490384615384616 0.14182692307692307
9 0.3293269230769231 0.20673076923076922 0.055288461538461536 0.14182692307692307
12 0.23197115384615385 0.7908653846153846 0.06971153846153846 0.14182692307692307
7 0.14783653846153846 0.21995192307692307 0.057692307692307696 0.14182692307692307
1 0.7379807692307693 0.2091346153846154 0.052884615384615384 0.13942307692307693
1 0.7091346153846154 0.6358173076923077 0.06490384615384616 0.13942307692307693
1 0.8533653846153846 0.7584134615384616 0.07932692307692307 0.1346153846153846
1 0.7223557692307693 0.055288461538461536 0.055288461538461536 0.11057692307692307
10 0.4387019230769231 0.78125 0.057692307692307696 0.11538461538461539
4 0.6129807692307693 0.6418269230769231 0.06009615384615385 0.11538461538461539
4 0.6454326923076923 0.7728365384615384 0.057692307692307696 0.11298076923076923
10 0.23197115384615385 0.5492788461538461 0.06490384615384616 0.11298076923076923
12 0.15745192307692307 0.06370192307692307 0.052884615384615384 0.10576923076923077
10 0.234375 0.65625 0.0673076923076923 0.11057692307692307
10 0.23918269230769232 0.4362980769230769 0.06490384615384616 0.10817307692307693
10 0.23918269230769232 0.06370192307692307 0.04807692307692308 0.10817307692307693
10 0.24158653846153846 0.23798076923076922 0.052884615384615384 0.10817307692307693
4 0.7043269230769231 0.5252403846153846 0.057692307692307696 0.10817307692307693
4 0.49278846153846156 0.3088942307692308 0.052884615384615384 0.10576923076923077
4 0.6598557692307693 0.22716346153846154 0.04807692307692308 0.10576923076923077
10 0.3954326923076923 0.14543269230769232 0.04807692307692308 0.10576923076923077
10 0.23918269230769232 0.3293269230769231 0.052884615384615384 0.10336538461538461
4 0.6466346153846154 0.14302884615384615 0.04807692307692308 0.10096153846153846
4 0.6358173076923077 0.052884615384615384 0.04326923076923077 0.0985576923076923
4 0.6923076923076923 0.4110576923076923 0.055288461538461536 0.11298076923076923