8 0.8485576923076923 0.390625 0.07451923076923077 0.20432692307692307
2 0.2127403846153846 0.3737980769230769 0.08173076923076923 0.19951923076923078
11 0.8365384615384616 0.3004807692307692 0.07211538461538461 0.1778846153846154
5 0.21995192307692307 0.29927884615384615 0.07692307692307693 0.17307692307692307
9 0.8485576923076923 0.6370192307692307 0.07932692307692307 0.14423076923076922
3 0.5685096153846154 0.40865384615384615 0.0625 0.14182692307692307
3 0.42788461538461536 0.13341346153846154 0.055288461538461536 0.14182692307692307
7 0.859375 0.5216346153846154 0.0625 0.13942307692307693
9 0.65625 0.20793269230769232 0.052884615384615384 0.13942307692307693
12 0.7512019230769231 0.7788461538461539 0.0673076923076923 0.13942307692307693
7 0.8353365384615384 0.22235576923076922 0.055288461538461536 0.13701923076923078
1 0.25721153846153844 0.21153846153846154 0.052884615384615384 0.13701923076923078
1 0.2848557692307692 0.6286057692307693 0.0625 0.13701923076923078
1 0.14543269230769232 0.7475961538461539 0.07692307692307693 0.13221153846153846
1 0.27283653846153844 0.05889423076923077 0.052884615384615384 0.11538461538461539
10 0.5504807692307693 0.7704326923076923 0.055288461538461536 0.11298076923076923
4 0.3786057692307692 0.6346153846153846 0.057692307692307696 0.11298076923076923
4 0.3473557692307692 0.7632211538461539 0.055288461538461536 0.11057692307692307
10 0.7524038461538461 0.5432692307692307 0.0625 0.11057692307692307
12 0.8257211538461539 0.06490384615384616 0.052884615384615384 0.11057692307692307
10 0.75 0.6478365384615384 0.06490384615384616 0.10817307692307693
10 0.7451923076923077 0.4326923076923077 0.06490384615384616 0.10576923076923077
10 0.7451923076923077 0.06971153846153846 0.04807692307692308 0.10576923076923077
10 0.7427884615384616 0.23918269230769232 0.05048076923076923 0.10576923076923077
4 0.28966346153846156 0.5204326923076923 0.055288461538461536 0.10576923076923077
4 0.4963942307692308 0.3088942307692308 0.05048076923076923 0.10336538461538461
4 0.3329326923076923 0.22956730769230768 0.04567307692307692 0.10336538461538461
10 0.5925480769230769 0.14903846153846154 0.04567307692307692 0.10336538461538461
10 0.7451923076923077 0.3293269230769231 0.05048076923076923 0.10336538461538461
4 0.3473557692307692 0.14543269230769232 0.04567307692307692 0.0985576923076923
4 0.35697115384615385 0.05889423076923077 0.04326923076923077 0.09615384615384616
4 0.30288461538461536 0.4098557692307692 0.052884615384615384 0.11057692307692307