8 0.13221153846153846 0.34375 0.07451923076923077 0.2091346153846154
2 0.7860576923076923 0.359375 0.07932692307692307 0.20432692307692307
11 0.1502403846153846 0.2512019230769231 0.06971153846153846 0.18269230769230768
5 0.7824519230769231 0.28365384615384615 0.07692307692307693 0.17548076923076922
9 0.11899038461538461 0.5961538461538461 0.07932692307692307 0.1466346153846154
3 0.41947115384615385 0.37740384615384615 0.0625 0.14423076923076922
3 0.578125 0.10096153846153846 0.052884615384615384 0.14423076923076922
7 0.1141826923076923 0.47716346153846156 0.0625 0.14182692307692307
9 0.3401442307692308 0.16706730769230768 0.052884615384615384 0.14182692307692307
12 0.21033653846153846 0.7487980769230769 0.0673076923076923 0.14182692307692307
7 0.15504807692307693 0.171875 0.055288461538461536 0.14182692307692307
1 0.7487980769230769 0.19110576923076922 0.052884615384615384 0.13942307692307693
1 0.6971153846153846 0.6177884615384616 0.0625 0.13942307692307693
1 0.8353365384615384 0.7487980769230769 0.07692307692307693 0.1346153846153846
1 0.7415865384615384 0.04807692307692308 0.052884615384615384 0.0889423076923077
10 0.4170673076923077 0.75 0.055288461538461536 0.11538461538461539
4 0.6009615384615384 0.6177884615384616 0.057692307692307696 0.11538461538461539
4 0.6262019230769231 0.7524038461538461 0.055288461538461536 0.11298076923076923
10 0.22235576923076922 0.5060096153846154 0.0625 0.11057692307692307
12 0.17307692307692307 0.03245192307692308 0.052884615384615384 0.06490384615384616
10 0.21995192307692307 0.6141826923076923 0.06490384615384616 0.11057692307692307
10 0.23677884615384615 0.3918269230769231 0.0625 0.10817307692307693
10 0.25600961538461536 0.036057692307692304 0.04567307692307692 0.07211538461538461
10 0.24879807692307693 0.1935096153846154 0.05048076923076923 0.10817307692307693
4 0.6983173076923077 0.5060096153846154 0.055288461538461536 0.10576923076923077
4 0.49759615384615385 0.27884615384615385 0.05048076923076923 0.10576923076923077
4 0.6694711538461539 0.20552884615384615 0.04567307692307692 0.10576923076923077
10 0.4074519230769231 0.109375 0.04567307692307692 0.10576923076923077
10 0.2403846153846154 0.2860576923076923 0.05048076923076923 0.10336538461538461
4 0.6610576923076923 0.11899038461538461 0.04567307692307692 0.0985576923076923
4 0.6538461538461539 0.039663461538461536 0.04326923076923077 0.07451923076923077
4 0.6923076923076923 0.39302884615384615 0.052884615384615384 0.11298076923076923