6 0.12740384615384615 0.7512019230769231 0.08413461538461539 0.1658653846153846
2 0.1658653846153846 0.49759615384615385 0.09615384615384616 0.21634615384615385
5 0.3894230769230769 0.296875 0.06971153846153846 0.18269230769230768
4 0.3076923076923077 0.2283653846153846 0.052884615384615384 0.11538461538461539
4 0.28125 0.4110576923076923 0.057692307692307696 0.11298076923076923
4 0.359375 0.5168269230769231 0.06009615384615385 0.11538461538461539
4 0.4723557692307692 0.057692307692307696 0.038461538461538464 0.10336538461538461
4 0.47475961538461536 0.3088942307692308 0.052884615384615384 0.10817307692307693
3 0.5492788461538461 0.4050480769230769 0.06971153846153846 0.14423076923076922
9 0.484375 0.13341346153846154 0.057692307692307696 0.14182692307692307
7 0.5456730769230769 0.6213942307692307 0.06490384615384616 0.15384615384615385
8 0.734375 0.38100961538461536 0.08173076923076923 0.20673076923076922
11 0.6358173076923077 0.3004807692307692 0.06490384615384616 0.19230769230769232
9 0.6394230769230769 0.5060096153846154 0.06971153846153846 0.15384615384615385
12 0.8016826923076923 0.057692307692307696 0.057692307692307696 0.10576923076923077
10 0.7223557692307693 0.055288461538461536 0.05048076923076923 0.10336538461538461
10 0.71875 0.22115384615384615 0.055288461538461536 0.11057692307692307
10 0.5576923076923077 0.3076923076923077 0.04807692307692308 0.10336538461538461
10 0.5408653846153846 0.7644230769230769 0.06490384615384616 0.11538461538461539
10 0.734375 0.6394230769230769 0.0625 0.11538461538461539
12 0.7415865384615384 0.7752403846153846 0.08413461538461539 0.1466346153846154