1 0.8028846153846154 0.15144230769230768 0.06490384615384616 0.14182692307692307
1 0.5552884615384616 0.30528846153846156 0.06490384615384616 0.14182692307692307
5 0.7415865384615384 0.41466346153846156 0.07211538461538461 0.1778846153846154
3 0.8197115384615384 0.3016826923076923 0.09615384615384616 0.20432692307692307
6 0.8497596153846154 0.8209134615384616 0.09134615384615384 0.15384615384615385
6 0.7956730769230769 0.08173076923076923 0.06490384615384616 0.11057692307692307
3 0.8401442307692307 0.5673076923076923 0.09134615384615384 0.14903846153846154
4 0.7223557692307693 0.3401442307692308 0.057692307692307696 0.11298076923076923
3 0.640625 0.3317307692307692 0.07692307692307693 0.14903846153846154
4 0.7199519230769231 0.07451923076923077 0.055288461538461536 0.10817307692307693
4 0.6298076923076923 0.15504807692307693 0.057692307692307696 0.11298076923076923
4 0.5540865384615384 0.23798076923076922 0.055288461538461536 0.11298076923076923
4 0.5492788461538461 0.4326923076923077 0.06490384615384616 0.11538461538461539
4 0.7367788461538461 0.8076923076923077 0.0673076923076923 0.125
4 0.6129807692307693 0.5432692307692307 0.0625 0.11778846153846154
4 0.5396634615384616 0.6634615384615384 0.0673076923076923 0.12259615384615384
9 0.3762019230769231 0.28725961538461536 0.07451923076923077 0.14423076923076922
12 0.32211538461538464 0.7584134615384616 0.08173076923076923 0.15144230769230768
12 0.23798076923076922 0.042067307692307696 0.0625 0.08413461538461539
7 0.22235576923076922 0.0829326923076923 0.07211538461538461 0.15384615384615385
7 0.11899038461538461 0.6153846153846154 0.08413461538461539 0.15625
8 0.16947115384615385 0.35216346153846156 0.09615384615384616 0.21394230769230768
10 0.4543269230769231 0.2091346153846154 0.057692307692307696 0.11298076923076923
11 0.30649038461538464 0.16706730769230768 0.0889423076923077 0.18269230769230768
10 0.46634615384615385 0.046875 0.052884615384615384 0.09375
10 0.31009615384615385 0.10697115384615384 0.055288461538461536 0.10576923076923077
10 0.27884615384615385 0.28966346153846156 0.0625 0.11298076923076923
10 0.26802884615384615 0.3918269230769231 0.0673076923076923 0.1201923076923077
10 0.23076923076923078 0.6322115384615384 0.06009615384615385 0.11057692307692307
10 0.43509615384615385 0.5336538461538461 0.06009615384615385 0.12740384615384615
10 0.42788461538461536 0.78125 0.06971153846153846 0.1201923076923077