1 0.7247596153846154 0.13221153846153846 0.055288461538461536 0.1346153846153846
1 0.5072115384615384 0.31490384615384615 0.052884615384615384 0.1346153846153846
5 0.7007211538461539 0.3942307692307692 0.057692307692307696 0.17067307692307693
3 0.7620192307692307 0.27403846153846156 0.08173076923076923 0.19471153846153846
6 0.8605769230769231 0.7716346153846154 0.07932692307692307 0.14423076923076922
6 0.7067307692307693 0.05889423076923077 0.057692307692307696 0.11778846153846154
3 0.8161057692307693 0.5288461538461539 0.07932692307692307 0.14182692307692307
4 0.6730769230769231 0.32572115384615385 0.04807692307692308 0.10817307692307693
3 0.59375 0.3293269230769231 0.0673076923076923 0.14182692307692307
4 0.6358173076923077 0.06971153846153846 0.04567307692307692 0.10336538461538461
4 0.5576923076923077 0.15865384615384615 0.04807692307692308 0.10576923076923077
4 0.49759615384615385 0.24879807692307693 0.04807692307692308 0.10817307692307693
4 0.5192307692307693 0.4375 0.055288461538461536 0.10817307692307693
4 0.7512019230769231 0.7740384615384616 0.057692307692307696 0.11778846153846154
4 0.5949519230769231 0.5360576923076923 0.052884615384615384 0.11298076923076923
4 0.5408653846153846 0.6622596153846154 0.057692307692307696 0.11538461538461539
9 0.3329326923076923 0.32211538461538464 0.0625 0.13701923076923078
12 0.34375 0.7824519230769231 0.07211538461538461 0.14182692307692307
12 0.16706730769230768 0.08413461538461539 0.052884615384615384 0.1201923076923077
7 0.15745192307692307 0.14543269230769232 0.0625 0.1466346153846154
7 0.12980769230769232 0.671875 0.07211538461538461 0.1466346153846154
8 0.14182692307692307 0.4110576923076923 0.07932692307692307 0.20673076923076922
10 0.39663461538461536 0.23557692307692307 0.04807692307692308 0.10817307692307693
11 0.24879807692307693 0.21394230769230768 0.07451923076923077 0.17307692307692307
10 0.38822115384615385 0.07211538461538461 0.04567307692307692 0.10336538461538461
10 0.24519230769230768 0.15504807692307693 0.04567307692307692 0.10096153846153846
10 0.23918269230769232 0.33533653846153844 0.052884615384615384 0.10576923076923077
10 0.24278846153846154 0.4362980769230769 0.057692307692307696 0.11298076923076923
10 0.23918269230769232 0.6742788461538461 0.052884615384615384 0.10576923076923077
10 0.421875 0.5504807692307693 0.05048076923076923 0.1201923076923077
10 0.4495192307692308 0.7908653846153846 0.0625 0.11298076923076923