6 0.5913461538461539 0.054086538461538464 0.057692307692307696 0.10576923076923077
6 0.8377403846153846 0.7331730769230769 0.07932692307692307 0.14423076923076922
2 0.7848557692307693 0.3605769230769231 0.09375 0.20432692307692307
5 0.5949519230769231 0.2824519230769231 0.07211538461538461 0.17548076923076922
4 0.6670673076923077 0.12980769230769232 0.04807692307692308 0.10817307692307693
4 0.6778846153846154 0.21875 0.04567307692307692 0.10817307692307693
4 0.6983173076923077 0.39663461538461536 0.052884615384615384 0.10576923076923077
4 0.7043269230769231 0.5036057692307693 0.052884615384615384 0.10817307692307693
4 0.5108173076923077 0.28846153846153844 0.05048076923076923 0.10576923076923077
4 0.5204326923076923 0.051682692307692304 0.04807692307692308 0.10336538461538461
3 0.5925480769230769 0.11658653846153846 0.05048076923076923 0.1346153846153846
3 0.43509615384615385 0.38341346153846156 0.0673076923076923 0.14423076923076922
7 0.23798076923076922 0.7379807692307693 0.07211538461538461 0.14182692307692307
7 0.14302884615384615 0.47475961538461536 0.07211538461538461 0.14182692307692307
12 0.19831730769230768 0.04447115384615385 0.06490384615384616 0.0889423076923077
8 0.15985576923076922 0.3485576923076923 0.08173076923076923 0.2091346153846154
11 0.35216346153846156 0.2824519230769231 0.08173076923076923 0.17307692307692307
9 0.359375 0.17548076923076922 0.057692307692307696 0.13942307692307693
9 0.14903846153846154 0.5889423076923077 0.07692307692307693 0.1466346153846154
10 0.43028846153846156 0.29086538461538464 0.04807692307692308 0.10817307692307693
10 0.27884615384615385 0.04447115384615385 0.052884615384615384 0.0889423076923077
10 0.2800480769230769 0.19831730769230768 0.055288461538461536 0.11298076923076923
10 0.24639423076923078 0.6057692307692307 0.06971153846153846 0.11778846153846154
10 0.4338942307692308 0.7295673076923077 0.0673076923076923 0.1201923076923077