2 0.7752403846153846 0.3016826923076923 0.09134615384615384 0.21394230769230768
6 0.7980769230769231 0.5444711538461539 0.08173076923076923 0.14423076923076922
6 0.7524038461538461 0.07692307692307693 0.0625 0.13221153846153846
3 0.59375 0.33052884615384615 0.0673076923076923 0.15144230769230768
3 0.6225961538461539 0.6658653846153846 0.08173076923076923 0.16346153846153846
4 0.7211538461538461 0.8040865384615384 0.06971153846153846 0.12259615384615384
5 0.5120192307692307 0.4182692307692308 0.07692307692307693 0.18509615384615385
4 0.5853365384615384 0.16105769230769232 0.06009615384615385 0.1201923076923077
4 0.6875 0.3449519230769231 0.055288461538461536 0.11538461538461539
4 0.59375 0.5432692307692307 0.0625 0.1201923076923077
4 0.5240384615384616 0.671875 0.055288461538461536 0.1201923076923077
4 0.515625 0.25 0.057692307692307696 0.11057692307692307
1 0.6670673076923077 0.0733173076923077 0.0625 0.13221153846153846
1 0.3389423076923077 0.5276442307692307 0.07211538461538461 0.15865384615384615
11 0.3449519230769231 0.1201923076923077 0.07451923076923077 0.18509615384615385
8 0.14182692307692307 0.3798076923076923 0.10096153846153846 0.21875
9 0.1971153846153846 0.78125 0.07932692307692307 0.1658653846153846
12 0.19110576923076922 0.056490384615384616 0.06009615384615385 0.11298076923076923
7 0.18028846153846154 0.1141826923076923 0.0625 0.15144230769230768
7 0.1045673076923077 0.6454326923076923 0.08173076923076923 0.16105769230769232
9 0.34134615384615385 0.3112980769230769 0.07451923076923077 0.15144230769230768
10 0.4182692307692308 0.06009615384615385 0.057692307692307696 0.11778846153846154
10 0.41346153846153844 0.22596153846153846 0.057692307692307696 0.1201923076923077
10 0.2692307692307692 0.13701923076923078 0.057692307692307696 0.11538461538461539
10 0.2439903846153846 0.3137019230769231 0.057692307692307696 0.11298076923076923
10 0.23798076923076922 0.41947115384615385 0.06490384615384616 0.12259615384615384
10 0.21634615384615385 0.6538461538461539 0.0625 0.1201923076923077