5 0.18990384615384615 0.32211538461538464 0.08653846153846154 0.17067307692307693
2 0.1935096153846154 0.40024038461538464 0.09375 0.20192307692307693
1 0.18028846153846154 0.5336538461538461 0.07211538461538461 0.14182692307692307
1 0.21394230769230768 0.23197115384615385 0.0625 0.13701923076923078
3 0.21754807692307693 0.15264423076923078 0.07211538461538461 0.12259615384615384
3 0.17427884615384615 0.6610576923076923 0.08653846153846154 0.1346153846153846
6 0.2127403846153846 0.07572115384615384 0.06009615384615385 0.11057692307692307
6 0.17067307692307693 0.7920673076923077 0.08173076923076923 0.13942307692307693
4 0.2776442307692308 0.7848557692307693 0.0625 0.11057692307692307
4 0.28125 0.6538461538461539 0.0625 0.11057692307692307
4 0.2860576923076923 0.5420673076923077 0.055288461538461536 0.10576923076923077
4 0.28846153846153844 0.43149038461538464 0.055288461538461536 0.10817307692307693
4 0.29447115384615385 0.3269230769230769 0.057692307692307696 0.10336538461538461
4 0.2980769230769231 0.2403846153846154 0.052884615384615384 0.10576923076923077
4 0.3004807692307692 0.15384615384615385 0.052884615384615384 0.09615384615384616
4 0.296875 0.06610576923076923 0.05048076923076923 0.10096153846153846
11 0.8137019230769231 0.24879807692307693 0.07932692307692307 0.18269230769230768
8 0.8365384615384616 0.3389423076923077 0.08653846153846154 0.20673076923076922
7 0.8040865384615384 0.17307692307692307 0.0625 0.14182692307692307
7 0.8641826923076923 0.4699519230769231 0.06971153846153846 0.14182692307692307
9 0.7776442307692307 0.09134615384615384 0.06490384615384616 0.13701923076923078
9 0.8689903846153846 0.5901442307692307 0.08173076923076923 0.15384615384615385
12 0.9074519230769231 0.7391826923076923 0.07932692307692307 0.1466346153846154
12 0.7728365384615384 0.03365384615384615 0.055288461538461536 0.0673076923076923
10 0.6899038461538461 0.038461538461538464 0.04807692307692308 0.07692307692307693
10 0.7007211538461539 0.11057692307692307 0.052884615384615384 0.09615384615384616
10 0.7115384615384616 0.20192307692307693 0.052884615384615384 0.10576923076923077
10 0.7247596153846154 0.28966346153846156 0.06009615384615385 0.10817307692307693
10 0.7331730769230769 0.39783653846153844 0.06009615384615385 0.10817307692307693
10 0.7584134615384616 0.5060096153846154 0.0673076923076923 0.11298076923076923
10 0.7668269230769231 0.6129807692307693 0.0625 0.11538461538461539
10 0.7908653846153846 0.7439903846153846 0.0673076923076923 0.11298076923076923