6 0.16346153846153846 0.7716346153846154 0.0889423076923077 0.1658653846153846
4 0.4651442307692308 0.052884615384615384 0.06009615384615385 0.10576923076923077
2 0.19831730769230768 0.3894230769230769 0.10096153846153846 0.22355769230769232
5 0.39663461538461536 0.2956730769230769 0.08173076923076923 0.19230769230769232
4 0.29447115384615385 0.421875 0.0673076923076923 0.10817307692307693
4 0.31009615384615385 0.23677884615384615 0.06490384615384616 0.10817307692307693
4 0.3173076923076923 0.1466346153846154 0.055288461538461536 0.11298076923076923
4 0.4795673076923077 0.30408653846153844 0.055288461538461536 0.11778846153846154
4 0.37740384615384615 0.5336538461538461 0.0673076923076923 0.12259615384615384
3 0.5685096153846154 0.39783653846153844 0.08173076923076923 0.15384615384615385
7 0.5757211538461539 0.6165865384615384 0.07932692307692307 0.15865384615384615
11 0.6454326923076923 0.2824519230769231 0.07932692307692307 0.20192307692307693
9 0.4807692307692308 0.12860576923076922 0.06971153846153846 0.15865384615384615
9 0.8677884615384616 0.6009615384615384 0.09134615384615384 0.16105769230769232
8 0.8497596153846154 0.34975961538461536 0.09375 0.21634615384615385
12 0.7944711538461539 0.04447115384615385 0.07451923076923077 0.0889423076923077
12 0.7800480769230769 0.7524038461538461 0.0889423076923077 0.15144230769230768
10 0.7668269230769231 0.6201923076923077 0.0673076923076923 0.125
10 0.5637019230769231 0.29927884615384615 0.0625 0.11778846153846154
10 0.7127403846153846 0.04447115384615385 0.055288461538461536 0.0889423076923077
10 0.71875 0.20552884615384615 0.06009615384615385 0.10817307692307693
10 0.5745192307692307 0.7548076923076923 0.07211538461538461 0.12980769230769232