6 0.8377403846153846 0.7560096153846154 0.08413461538461539 0.15865384615384615
4 0.5336538461538461 0.06129807692307692 0.057692307692307696 0.11057692307692307
2 0.7980769230769231 0.3870192307692308 0.09375 0.21634615384615385
5 0.6045673076923077 0.29927884615384615 0.07451923076923077 0.18509615384615385
4 0.7043269230769231 0.41947115384615385 0.0625 0.10576923076923077
4 0.6875 0.23918269230769232 0.06009615384615385 0.10336538461538461
4 0.6778846153846154 0.15264423076923078 0.052884615384615384 0.10817307692307693
4 0.5240384615384616 0.3088942307692308 0.05048076923076923 0.11298076923076923
4 0.6262019230769231 0.5288461538461539 0.0625 0.11778846153846154
3 0.43990384615384615 0.40024038461538464 0.07692307692307693 0.1466346153846154
7 0.4375 0.6117788461538461 0.07451923076923077 0.15144230769230768
11 0.3641826923076923 0.29086538461538464 0.07451923076923077 0.19471153846153846
9 0.5192307692307693 0.13942307692307693 0.06490384615384616 0.15144230769230768
9 0.15384615384615385 0.6033653846153846 0.08653846153846154 0.15384615384615385
8 0.16706730769230768 0.3581730769230769 0.08653846153846154 0.2091346153846154
12 0.21033653846153846 0.051682692307692304 0.06971153846153846 0.10336538461538461
12 0.2403846153846154 0.7475961538461539 0.08413461538461539 0.14423076923076922
10 0.2512019230769231 0.6189903846153846 0.06490384615384616 0.1201923076923077
10 0.44350961538461536 0.30408653846153844 0.06009615384615385 0.11298076923076923
10 0.2932692307692308 0.051682692307692304 0.052884615384615384 0.10336538461538461
10 0.28966346153846156 0.21754807692307693 0.057692307692307696 0.10336538461538461
10 0.43990384615384615 0.7451923076923077 0.06971153846153846 0.125