5 0.8353365384615384 0.3076923076923077 0.07451923076923077 0.15625
2 0.8329326923076923 0.39302884615384615 0.09615384615384616 0.19951923076923078
1 0.8112980769230769 0.22956730769230768 0.06490384615384616 0.13701923076923078
1 0.8353365384615384 0.5324519230769231 0.07211538461538461 0.13701923076923078
6 0.8004807692307693 0.14182692307692307 0.06490384615384616 0.125
6 0.8509615384615384 0.6502403846153846 0.08413461538461539 0.14423076923076922
6 0.8004807692307693 0.0733173076923077 0.057692307692307696 0.10817307692307693
6 0.8545673076923077 0.7836538461538461 0.0889423076923077 0.14182692307692307
4 0.7151442307692307 0.06370192307692307 0.05048076923076923 0.10096153846153846
4 0.7151442307692307 0.1466346153846154 0.052884615384615384 0.10096153846153846
4 0.71875 0.23197115384615385 0.055288461538461536 0.10336538461538461
4 0.7235576923076923 0.3173076923076923 0.055288461538461536 0.11538461538461539
4 0.7319711538461539 0.4182692307692308 0.052884615384615384 0.11298076923076923
4 0.7379807692307693 0.5288461538461539 0.055288461538461536 0.11538461538461539
4 0.7439903846153846 0.6466346153846154 0.057692307692307696 0.11538461538461539
4 0.75 0.7752403846153846 0.06490384615384616 0.125
11 0.20072115384615385 0.2536057692307692 0.07932692307692307 0.1778846153846154
8 0.17908653846153846 0.3425480769230769 0.08653846153846154 0.20673076923076922
7 0.21033653846153846 0.17427884615384615 0.06490384615384616 0.13942307692307693
7 0.15504807692307693 0.4699519230769231 0.07451923076923077 0.14903846153846154
9 0.2247596153846154 0.09615384615384616 0.0673076923076923 0.12980769230769232
9 0.14182692307692307 0.6117788461538461 0.08173076923076923 0.1466346153846154
12 0.11899038461538461 0.7427884615384616 0.08173076923076923 0.15384615384615385
12 0.23677884615384615 0.036057692307692304 0.06009615384615385 0.07211538461538461
10 0.3137019230769231 0.036057692307692304 0.055288461538461536 0.07211538461538461
10 0.3088942307692308 0.11057692307692307 0.057692307692307696 0.10096153846153846
10 0.30288461538461536 0.20192307692307693 0.055288461538461536 0.10576923076923077
10 0.28846153846153844 0.29086538461538464 0.0673076923076923 0.10817307692307693
10 0.2800480769230769 0.39903846153846156 0.0673076923076923 0.11538461538461539
10 0.2608173076923077 0.5060096153846154 0.0673076923076923 0.10576923076923077
10 0.25240384615384615 0.6153846153846154 0.07211538461538461 0.11538461538461539
10 0.23197115384615385 0.7439903846153846 0.07211538461538461 0.11538461538461539