10 0.24158653846153846 0.17668269230769232 0.04807692307692308 0.09615384615384616
4 0.6682692307692307 0.32572115384615385 0.05048076923076923 0.10336538461538461
2 0.7536057692307693 0.27283653846153844 0.08653846153846154 0.21153846153846154
4 0.4891826923076923 0.25240384615384615 0.05048076923076923 0.09375
10 0.23197115384615385 0.10817307692307693 0.06009615384615385 0.10817307692307693
4 0.546875 0.16346153846153846 0.055288461538461536 0.10096153846153846
1 0.7079326923076923 0.13581730769230768 0.06490384615384616 0.13221153846153846
11 0.24519230769230768 0.21995192307692307 0.07932692307692307 0.1346153846153846
10 0.25 0.34134615384615385 0.0673076923076923 0.12980769230769232
4 0.6237980769230769 0.07692307692307693 0.05048076923076923 0.09375
10 0.38822115384615385 0.24879807692307693 0.052884615384615384 0.11057692307692307
8 0.14302884615384615 0.43028846153846156 0.08413461538461539 0.1875
7 0.15384615384615385 0.18028846153846154 0.07692307692307693 0.15625
3 0.4963942307692308 0.33653846153846156 0.07211538461538461 0.13221153846153846
12 0.15384615384615385 0.11658653846153846 0.07692307692307693 0.15384615384615385
10 0.43149038461538464 0.5600961538461539 0.0673076923076923 0.11538461538461539
3 0.5841346153846154 0.31971153846153844 0.06971153846153846 0.1466346153846154
5 0.7007211538461539 0.4074519230769231 0.08413461538461539 0.16105769230769232
4 0.5540865384615384 0.6526442307692307 0.06490384615384616 0.11057692307692307
10 0.2512019230769231 0.6826923076923077 0.06009615384615385 0.10817307692307693
6 0.6875 0.06129807692307692 0.06009615384615385 0.10336538461538461
4 0.5973557692307693 0.5348557692307693 0.0625 0.1201923076923077
6 0.8677884615384616 0.7548076923076923 0.08413461538461539 0.14903846153846154
7 0.13581730769230768 0.6850961538461539 0.08173076923076923 0.1466346153846154
3 0.8149038461538461 0.515625 0.09134615384615384 0.13221153846153846
9 0.14903846153846154 0.5649038461538461 0.08173076923076923 0.15384615384615385
9 0.328125 0.3329326923076923 0.07211538461538461 0.1466346153846154
10 0.24639423076923078 0.4411057692307692 0.07211538461538461 0.13221153846153846
4 0.5192307692307693 0.4483173076923077 0.0625 0.11538461538461539
10 0.453125 0.7860576923076923 0.07211538461538461 0.125
12 0.3605769230769231 0.7920673076923077 0.07932692307692307 0.15144230769230768
4 0.7632211538461539 0.7608173076923077 0.06490384615384616 0.1201923076923077