10 0.2692307692307692 0.15745192307692307 0.04326923076923077 0.09375
4 0.6838942307692307 0.34375 0.04567307692307692 0.10096153846153846
2 0.7740384615384616 0.2980769230769231 0.07692307692307693 0.21153846153846154
4 0.5108173076923077 0.2548076923076923 0.04567307692307692 0.09375
10 0.265625 0.08774038461538461 0.055288461538461536 0.10576923076923077
4 0.5769230769230769 0.16947115384615385 0.05048076923076923 0.10096153846153846
1 0.7415865384615384 0.15625 0.057692307692307696 0.12980769230769232
11 0.2704326923076923 0.20072115384615385 0.07451923076923077 0.13221153846153846
10 0.2644230769230769 0.3233173076923077 0.06009615384615385 0.12740384615384615
4 0.6610576923076923 0.09014423076923077 0.04567307692307692 0.09134615384615384
10 0.4110576923076923 0.24158653846153846 0.04807692307692308 0.10817307692307693
8 0.14783653846153846 0.4014423076923077 0.07451923076923077 0.18509615384615385
7 0.1814903846153846 0.15264423076923078 0.06971153846153846 0.15384615384615385
3 0.5108173076923077 0.3389423076923077 0.06490384615384616 0.12980769230769232
12 0.1875 0.0889423076923077 0.06971153846153846 0.14903846153846154
10 0.4266826923076923 0.5564903846153846 0.0625 0.11298076923076923
3 0.6009615384615384 0.328125 0.0625 0.14423076923076922
5 0.7091346153846154 0.42788461538461536 0.07692307692307693 0.16105769230769232
4 0.5420673076923077 0.6610576923076923 0.06009615384615385 0.10817307692307693
10 0.23557692307692307 0.6634615384615384 0.055288461538461536 0.10576923076923077
6 0.7259615384615384 0.08052884615384616 0.055288461538461536 0.10096153846153846
4 0.5949519230769231 0.5456730769230769 0.055288461538461536 0.11778846153846154
6 0.8461538461538461 0.7896634615384616 0.07692307692307693 0.14903846153846154
7 0.1201923076923077 0.6538461538461539 0.07451923076923077 0.1466346153846154
3 0.8137019230769231 0.546875 0.08413461538461539 0.12740384615384615
9 0.14302884615384615 0.5384615384615384 0.07451923076923077 0.15144230769230768
9 0.34375 0.31971153846153844 0.06490384615384616 0.14423076923076922
10 0.25240384615384615 0.4206730769230769 0.06490384615384616 0.12980769230769232
4 0.5240384615384616 0.4519230769230769 0.057692307692307696 0.11298076923076923
10 0.42788461538461536 0.7848557692307693 0.06490384615384616 0.12259615384615384
12 0.33533653846153844 0.7824519230769231 0.07451923076923077 0.14903846153846154
4 0.7415865384615384 0.7872596153846154 0.057692307692307696 0.11538461538461539