2 0.23918269230769232 0.28365384615384615 0.08173076923076923 0.19471153846153846
5 0.3004807692307692 0.4098557692307692 0.07692307692307693 0.18269230769230768
6 0.13942307692307693 0.7644230769230769 0.08413461538461539 0.13942307692307693
6 0.28846153846153844 0.07211538461538461 0.06490384615384616 0.1201923076923077
1 0.6394230769230769 0.5480769230769231 0.07211538461538461 0.1466346153846154
1 0.3713942307692308 0.07211538461538461 0.06009615384615385 0.14423076923076922
3 0.4026442307692308 0.33774038461538464 0.06490384615384616 0.1466346153846154
3 0.34615384615384615 0.6526442307692307 0.07211538461538461 0.13701923076923078
4 0.40024038461538464 0.5408653846153846 0.06490384615384616 0.11778846153846154
4 0.24639423076923078 0.7716346153846154 0.0673076923076923 0.11538461538461539
4 0.32572115384615385 0.33653846153846156 0.04807692307692308 0.10817307692307693
4 0.43990384615384615 0.17427884615384615 0.04807692307692308 0.10817307692307693
4 0.5144230769230769 0.09134615384615384 0.052884615384615384 0.10576923076923077
4 0.49759615384615385 0.2644230769230769 0.052884615384615384 0.11298076923076923
4 0.6478365384615384 0.45913461538461536 0.05048076923076923 0.10817307692307693
4 0.4483173076923077 0.6634615384615384 0.055288461538461536 0.11778846153846154
12 0.8245192307692307 0.10697115384615384 0.057692307692307696 0.1201923076923077
12 0.640625 0.7860576923076923 0.07211538461538461 0.1466346153846154
11 0.7403846153846154 0.234375 0.07692307692307693 0.17067307692307693
8 0.84375 0.42427884615384615 0.08173076923076923 0.19471153846153846
7 0.8317307692307693 0.16947115384615385 0.0625 0.14182692307692307
7 0.8473557692307693 0.6814903846153846 0.07451923076923077 0.14182692307692307
9 0.8341346153846154 0.5649038461538461 0.08173076923076923 0.13701923076923078
9 0.65625 0.33774038461538464 0.06490384615384616 0.13221153846153846
10 0.5949519230769231 0.25 0.052884615384615384 0.11057692307692307
10 0.6105769230769231 0.09014423076923077 0.052884615384615384 0.10576923076923077
10 0.7439903846153846 0.1778846153846154 0.052884615384615384 0.10096153846153846
10 0.7475961538461539 0.3545673076923077 0.052884615384615384 0.10817307692307693
10 0.7439903846153846 0.6814903846153846 0.0625 0.11778846153846154
10 0.7427884615384616 0.4495192307692308 0.06009615384615385 0.11538461538461539
10 0.5649038461538461 0.5625 0.052884615384615384 0.11298076923076923
10 0.5384615384615384 0.7944711538461539 0.06490384615384616 0.1201923076923077