2 0.78125 0.25961538461538464 0.08413461538461539 0.20673076923076922
5 0.7175480769230769 0.3918269230769231 0.08173076923076923 0.18990384615384615
6 0.8858173076923077 0.7632211538461539 0.0889423076923077 0.14423076923076922
6 0.7271634615384616 0.05048076923076923 0.06490384615384616 0.10096153846153846
1 0.3605769230769231 0.5360576923076923 0.07451923076923077 0.15384615384615385
1 0.6418269230769231 0.056490384615384616 0.0625 0.11298076923076923
3 0.609375 0.3161057692307692 0.0673076923076923 0.15144230769230768
3 0.6694711538461539 0.6478365384615384 0.07692307692307693 0.14423076923076922
4 0.6117788461538461 0.5288461538461539 0.0673076923076923 0.12259615384615384
4 0.7740384615384616 0.7704326923076923 0.07211538461538461 0.1201923076923077
4 0.6899038461538461 0.31490384615384615 0.05048076923076923 0.11538461538461539
4 0.5709134615384616 0.14543269230769232 0.05048076923076923 0.11298076923076923
4 0.49278846153846156 0.057692307692307696 0.055288461538461536 0.11298076923076923
4 0.5108173076923077 0.23798076923076922 0.052884615384615384 0.11778846153846154
4 0.35216346153846156 0.44350961538461536 0.052884615384615384 0.11298076923076923
4 0.5625 0.65625 0.06009615384615385 0.12259615384615384
12 0.16706730769230768 0.07572115384615384 0.06009615384615385 0.1201923076923077
12 0.3605769230769231 0.7860576923076923 0.07692307692307693 0.15384615384615385
11 0.25600961538461536 0.20673076923076922 0.07932692307692307 0.18028846153846154
8 0.14903846153846154 0.40625 0.08653846153846154 0.20432692307692307
7 0.15985576923076922 0.13822115384615385 0.0673076923076923 0.1466346153846154
7 0.14302884615384615 0.6778846153846154 0.07932692307692307 0.14903846153846154
9 0.15745192307692307 0.5540865384615384 0.08413461538461539 0.14423076923076922
9 0.34375 0.3161057692307692 0.0673076923076923 0.13942307692307693
10 0.4074519230769231 0.2247596153846154 0.055288461538461536 0.11778846153846154
10 0.39302884615384615 0.05889423076923077 0.055288461538461536 0.11057692307692307
10 0.2512019230769231 0.14903846153846154 0.055288461538461536 0.10576923076923077
10 0.24879807692307693 0.3329326923076923 0.055288461538461536 0.11538461538461539
10 0.2512019230769231 0.6766826923076923 0.0673076923076923 0.12259615384615384
10 0.25240384615384615 0.4326923076923077 0.0625 0.1201923076923077
10 0.4387019230769231 0.5516826923076923 0.057692307692307696 0.1201923076923077
10 0.46634615384615385 0.7956730769230769 0.0673076923076923 0.125