6 0.28846153846153844 0.056490384615384616 0.0625 0.11298076923076923
6 0.14423076923076922 0.7692307692307693 0.08413461538461539 0.14423076923076922
2 0.24158653846153846 0.2704326923076923 0.08173076923076923 0.20673076923076922
5 0.3016826923076923 0.3870192307692308 0.07451923076923077 0.17307692307692307
4 0.3317307692307692 0.31971153846153844 0.04807692307692308 0.11057692307692307
4 0.2536057692307692 0.7716346153846154 0.0625 0.11538461538461539
3 0.18509615384615385 0.5252403846153846 0.07932692307692307 0.1346153846153846
3 0.4098557692307692 0.31850961538461536 0.0625 0.14423076923076922
1 0.37259615384615385 0.05889423076923077 0.057692307692307696 0.11778846153846154
1 0.5048076923076923 0.31490384615384615 0.06971153846153846 0.1466346153846154
4 0.5228365384615384 0.0625 0.04807692307692308 0.10576923076923077
4 0.44711538461538464 0.14903846153846154 0.04807692307692308 0.10817307692307693
4 0.5084134615384616 0.2439903846153846 0.052884615384615384 0.11057692307692307
4 0.4831730769230769 0.42908653846153844 0.05048076923076923 0.11057692307692307
4 0.4110576923076923 0.53125 0.052884615384615384 0.11778846153846154
4 0.4639423076923077 0.6586538461538461 0.06009615384615385 0.1201923076923077
9 0.6754807692307693 0.3161057692307692 0.0673076923076923 0.14182692307692307
9 0.8665865384615384 0.5480769230769231 0.08173076923076923 0.13942307692307693
8 0.8665865384615384 0.4050480769230769 0.07932692307692307 0.20432692307692307
7 0.8798076923076923 0.671875 0.07451923076923077 0.1466346153846154
7 0.8533653846153846 0.13822115384615385 0.06490384615384616 0.14182692307692307
12 0.84375 0.07572115384615384 0.055288461538461536 0.12980769230769232
12 0.6646634615384616 0.7824519230769231 0.07451923076923077 0.1466346153846154
10 0.7728365384615384 0.671875 0.06009615384615385 0.11538461538461539
10 0.7668269230769231 0.4326923076923077 0.06009615384615385 0.10576923076923077
10 0.7680288461538461 0.3329326923076923 0.055288461538461536 0.10576923076923077
11 0.7608173076923077 0.20673076923076922 0.07692307692307693 0.17307692307692307
10 0.7608173076923077 0.1466346153846154 0.04567307692307692 0.0985576923076923
10 0.6201923076923077 0.06370192307692307 0.05048076923076923 0.10576923076923077
10 0.6117788461538461 0.22596153846153846 0.052884615384615384 0.10817307692307693
10 0.5865384615384616 0.5528846153846154 0.057692307692307696 0.11538461538461539
10 0.5600961538461539 0.7884615384615384 0.0625 0.1201923076923077