2 0.796875 0.3125 0.10336538461538461 0.22355769230769232
3 0.6081730769230769 0.33533653846153844 0.07451923076923077 0.15865384615384615
3 0.4026442307692308 0.7932692307692307 0.08653846153846154 0.1778846153846154
6 0.6045673076923077 0.06610576923076923 0.06971153846153846 0.12259615384615384
6 0.5228365384615384 0.43028846153846156 0.07932692307692307 0.15384615384615385
4 0.7247596153846154 0.8221153846153846 0.07692307692307693 0.13701923076923078
4 0.703125 0.3473557692307692 0.0673076923076923 0.12259615384615384
4 0.6045673076923077 0.5528846153846154 0.06490384615384616 0.12980769230769232
4 0.5216346153846154 0.6778846153846154 0.07211538461538461 0.12740384615384615
4 0.53125 0.24879807692307693 0.0673076923076923 0.11538461538461539
4 0.515625 0.14783653846153846 0.06490384615384616 0.1201923076923077
1 0.6286057692307693 0.14423076923076922 0.06971153846153846 0.1658653846153846
1 0.33413461538461536 0.5264423076923077 0.08653846153846154 0.1658653846153846
11 0.36177884615384615 0.109375 0.07932692307692307 0.19471153846153846
9 0.18509615384615385 0.7836538461538461 0.09375 0.18028846153846154
9 0.3473557692307692 0.296875 0.07692307692307693 0.15144230769230768
7 0.34615384615384615 0.41225961538461536 0.07211538461538461 0.15384615384615385
7 0.18870192307692307 0.09615384615384616 0.08653846153846154 0.15865384615384615
12 0.20673076923076922 0.05048076923076923 0.07211538461538461 0.10096153846153846
8 0.14182692307692307 0.36778846153846156 0.10336538461538461 0.22355769230769232
10 0.4338942307692308 0.055288461538461536 0.06490384615384616 0.11057692307692307
10 0.28365384615384615 0.12379807692307693 0.0625 0.11538461538461539
10 0.2512019230769231 0.30408653846153844 0.0625 0.11298076923076923
10 0.24158653846153846 0.4074519230769231 0.0673076923076923 0.12259615384615384
10 0.2091346153846154 0.6538461538461539 0.07211538461538461 0.12980769230769232