2 0.24158653846153846 0.2848557692307692 0.09375 0.21153846153846154
3 0.41466346153846156 0.33533653846153844 0.0673076923076923 0.15144230769230768
3 0.5420673076923077 0.7980769230769231 0.07932692307692307 0.16826923076923078
6 0.46033653846153844 0.07211538461538461 0.0673076923076923 0.13701923076923078
6 0.4831730769230769 0.4387019230769231 0.07211538461538461 0.1466346153846154
4 0.23197115384615385 0.7788461538461539 0.07211538461538461 0.13221153846153846
4 0.3245192307692308 0.3329326923076923 0.0625 0.11538461538461539
4 0.3870192307692308 0.5408653846153846 0.06009615384615385 0.12259615384615384
4 0.44591346153846156 0.671875 0.0673076923076923 0.12259615384615384
4 0.5024038461538461 0.265625 0.0625 0.10817307692307693
4 0.5324519230769231 0.171875 0.06009615384615385 0.11538461538461539
1 0.4254807692307692 0.15264423076923078 0.0625 0.15625
1 0.6478365384615384 0.5576923076923077 0.07932692307692307 0.15625
11 0.6826923076923077 0.15745192307692307 0.07211538461538461 0.18509615384615385
9 0.7487980769230769 0.8221153846153846 0.08653846153846154 0.17067307692307693
9 0.6682692307692307 0.33774038461538464 0.07211538461538461 0.14423076923076922
7 0.6514423076923077 0.44591346153846156 0.0673076923076923 0.1466346153846154
7 0.8485576923076923 0.17307692307692307 0.08173076923076923 0.15144230769230768
12 0.8389423076923077 0.11298076923076923 0.0673076923076923 0.12740384615384615
8 0.8509615384615384 0.43509615384615385 0.09375 0.21394230769230768
10 0.6213942307692307 0.09014423076923077 0.06009615384615385 0.11538461538461539
10 0.7548076923076923 0.18269230769230768 0.06009615384615385 0.11057692307692307
10 0.7584134615384616 0.359375 0.057692307692307696 0.10817307692307693
10 0.7524038461538461 0.45913461538461536 0.0625 0.11778846153846154
10 0.7451923076923077 0.6971153846153846 0.0673076923076923 0.12259615384615384