1 0.7199519230769231 0.609375 0.07932692307692307 0.14423076923076922
2 0.7932692307692307 0.35096153846153844 0.0889423076923077 0.21153846153846154
5 0.5973557692307693 0.2824519230769231 0.06971153846153846 0.18509615384615385
6 0.8581730769230769 0.7271634615384616 0.09134615384615384 0.14182692307692307
6 0.5769230769230769 0.054086538461538464 0.052884615384615384 0.10817307692307693
4 0.6574519230769231 0.125 0.05048076923076923 0.11057692307692307
4 0.6730769230769231 0.21033653846153846 0.055288461538461536 0.10817307692307693
4 0.7043269230769231 0.3918269230769231 0.06009615384615385 0.11298076923076923
4 0.7151442307692307 0.49759615384615385 0.057692307692307696 0.11298076923076923
4 0.6550480769230769 0.7427884615384616 0.0625 0.125
4 0.5036057692307693 0.054086538461538464 0.05048076923076923 0.10817307692307693
4 0.5144230769230769 0.2920673076923077 0.052884615384615384 0.11057692307692307
3 0.5805288461538461 0.11778846153846154 0.06009615384615385 0.14182692307692307
3 0.4387019230769231 0.39302884615384615 0.06490384615384616 0.15144230769230768
11 0.35336538461538464 0.2920673076923077 0.07451923076923077 0.1778846153846154
12 0.25600961538461536 0.7548076923076923 0.07451923076923077 0.13701923076923078
12 0.18269230769230768 0.05889423076923077 0.06490384615384616 0.0985576923076923
8 0.15745192307692307 0.36899038461538464 0.08413461538461539 0.20192307692307693
7 0.14783653846153846 0.49759615384615385 0.06971153846153846 0.14182692307692307
9 0.35096153846153844 0.18509615384615385 0.06009615384615385 0.1346153846153846
9 0.15625 0.6177884615384616 0.08173076923076923 0.15144230769230768
10 0.42908653846153844 0.2956730769230769 0.055288461538461536 0.11057692307692307
10 0.2644230769230769 0.056490384615384616 0.052884615384615384 0.0985576923076923
10 0.27283653846153844 0.21394230769230768 0.055288461538461536 0.10817307692307693
10 0.2644230769230769 0.41346153846153844 0.06490384615384616 0.11057692307692307
10 0.25721153846153844 0.5204326923076923 0.0625 0.10817307692307693
10 0.2620192307692308 0.6274038461538461 0.06490384615384616 0.11538461538461539
10 0.4579326923076923 0.7463942307692307 0.06009615384615385 0.125