1 0.27283653846153844 0.6213942307692307 0.08413461538461539 0.1466346153846154
2 0.2091346153846154 0.3581730769230769 0.0985576923076923 0.21634615384615385
5 0.4110576923076923 0.2956730769230769 0.07692307692307693 0.18990384615384615
6 0.1310096153846154 0.7355769230769231 0.09375 0.1466346153846154
6 0.4362980769230769 0.06129807692307692 0.06009615384615385 0.12259615384615384
4 0.3545673076923077 0.1346153846153846 0.055288461538461536 0.11298076923076923
4 0.33533653846153844 0.21995192307692307 0.06009615384615385 0.11057692307692307
4 0.296875 0.4026442307692308 0.06490384615384616 0.11538461538461539
4 0.2824519230769231 0.5084134615384616 0.0625 0.11538461538461539
4 0.33533653846153844 0.7584134615384616 0.06971153846153846 0.12740384615384615
4 0.5108173076923077 0.06610576923076923 0.055288461538461536 0.11538461538461539
4 0.49278846153846156 0.3088942307692308 0.057692307692307696 0.11298076923076923
3 0.43149038461538464 0.12980769230769232 0.06490384615384616 0.14423076923076922
3 0.5661057692307693 0.41346153846153844 0.06971153846153846 0.15384615384615385
11 0.6550480769230769 0.31490384615384615 0.08173076923076923 0.18269230769230768
12 0.7379807692307693 0.7848557692307693 0.07932692307692307 0.14182692307692307
12 0.8377403846153846 0.078125 0.06971153846153846 0.11538461538461539
8 0.8521634615384616 0.39903846153846156 0.09134615384615384 0.20673076923076922
7 0.8557692307692307 0.5300480769230769 0.07692307692307693 0.1466346153846154
9 0.6610576923076923 0.20673076923076922 0.06490384615384616 0.13942307692307693
9 0.8425480769230769 0.6502403846153846 0.0889423076923077 0.15384615384615385
10 0.5793269230769231 0.31490384615384615 0.06009615384615385 0.11298076923076923
10 0.7536057692307693 0.07451923076923077 0.06009615384615385 0.11057692307692307
10 0.7403846153846154 0.23798076923076922 0.06009615384615385 0.11057692307692307
10 0.7415865384615384 0.43990384615384615 0.06971153846153846 0.11298076923076923
10 0.7439903846153846 0.5480769230769231 0.0673076923076923 0.11298076923076923
10 0.7367788461538461 0.65625 0.0673076923076923 0.11778846153846154
10 0.5324519230769231 0.7692307692307693 0.0673076923076923 0.12740384615384615