9 0.5564903846153846 0.13581730769230768 0.06490384615384616 0.14903846153846154
9 0.7524038461538461 0.8100961538461539 0.08653846153846154 0.17067307692307693
8 0.8329326923076923 0.40625 0.09615384615384616 0.2283653846153846
11 0.6466346153846154 0.12980769230769232 0.07451923076923077 0.1875
12 0.8028846153846154 0.06971153846153846 0.07692307692307693 0.13221153846153846
7 0.8137019230769231 0.13341346153846154 0.07211538461538461 0.15625
7 0.6298076923076923 0.4206730769230769 0.07211538461538461 0.15865384615384615
10 0.5769230769230769 0.056490384615384616 0.0625 0.11057692307692307
10 0.7235576923076923 0.14423076923076922 0.057692307692307696 0.10817307692307693
10 0.7355769230769231 0.3269230769230769 0.0625 0.12259615384615384
10 0.7403846153846154 0.6742788461538461 0.0625 0.125
10 0.7319711538461539 0.4326923076923077 0.0625 0.12740384615384615
2 0.19591346153846154 0.27884615384615385 0.09375 0.22115384615384615
3 0.3762019230769231 0.32091346153846156 0.06490384615384616 0.16105769230769232
3 0.5348557692307693 0.796875 0.07932692307692307 0.1658653846153846
6 0.4098557692307692 0.057692307692307696 0.06009615384615385 0.11538461538461539
6 0.4543269230769231 0.42788461538461536 0.06971153846153846 0.14903846153846154
1 0.3798076923076923 0.13341346153846154 0.055288461538461536 0.15865384615384615
1 0.6237980769230769 0.5444711538461539 0.06971153846153846 0.15865384615384615
4 0.4651442307692308 0.24639423076923078 0.052884615384615384 0.11538461538461539
4 0.49278846153846156 0.14903846153846154 0.055288461538461536 0.11057692307692307
4 0.28125 0.3317307692307692 0.057692307692307696 0.11778846153846154
4 0.21153846153846154 0.7944711538461539 0.06490384615384616 0.12980769230769232
4 0.36177884615384615 0.5372596153846154 0.057692307692307696 0.13701923076923078
4 0.42788461538461536 0.6682692307692307 0.0625 0.13221153846153846