1 0.6298076923076923 0.15985576923076922 0.06490384615384616 0.15144230769230768
2 0.7908653846153846 0.31971153846153844 0.10096153846153846 0.20432692307692307
3 0.23197115384615385 0.6153846153846154 0.08413461538461539 0.16346153846153846
3 0.3581730769230769 0.41586538461538464 0.07932692307692307 0.15625
4 0.7199519230769231 0.8076923076923077 0.07211538461538461 0.125
4 0.703125 0.3557692307692308 0.06490384615384616 0.11778846153846154
4 0.6081730769230769 0.5444711538461539 0.0625 0.1201923076923077
4 0.5288461538461539 0.6694711538461539 0.06971153846153846 0.12740384615384615
6 0.6105769230769231 0.07932692307692307 0.06490384615384616 0.1346153846153846
6 0.5264423076923077 0.3401442307692308 0.06971153846153846 0.13221153846153846
12 0.23076923076923078 0.05889423076923077 0.0673076923076923 0.11778846153846154
4 0.4483173076923077 0.16947115384615385 0.06009615384615385 0.11778846153846154
8 0.18629807692307693 0.27163461538461536 0.10096153846153846 0.2091346153846154
9 0.21153846153846154 0.7644230769230769 0.0985576923076923 0.16346153846153846
7 0.21754807692307693 0.11057692307692307 0.07932692307692307 0.1658653846153846
11 0.38100961538461536 0.12860576923076922 0.07932692307692307 0.19230769230769232
10 0.30288461538461536 0.14182692307692307 0.06009615384615385 0.11298076923076923
10 0.27403846153846156 0.3137019230769231 0.06490384615384616 0.1201923076923077
10 0.2668269230769231 0.41225961538461536 0.06971153846153846 0.11778846153846154
10 0.35096153846153844 0.546875 0.06971153846153846 0.12259615384615384