1 0.5745192307692307 0.15264423076923078 0.0625 0.15144230769230768
2 0.7596153846153846 0.2848557692307692 0.0985576923076923 0.20432692307692307
3 0.2512019230769231 0.6670673076923077 0.08413461538461539 0.16346153846153846
3 0.3449519230769231 0.45072115384615385 0.07932692307692307 0.15625
4 0.7668269230769231 0.78125 0.06971153846153846 0.125
4 0.6790865384615384 0.33533653846153844 0.0625 0.11778846153846154
4 0.6129807692307693 0.5372596153846154 0.06009615384615385 0.1201923076923077
4 0.5540865384615384 0.6730769230769231 0.06971153846153846 0.12740384615384615
6 0.5432692307692307 0.07572115384615384 0.0625 0.13221153846153846
6 0.5 0.3485576923076923 0.0673076923076923 0.13221153846153846
12 0.16466346153846154 0.11057692307692307 0.06490384615384616 0.12980769230769232
4 0.39663461538461536 0.18990384615384615 0.057692307692307696 0.11538461538461539
8 0.15144230769230768 0.33413461538461536 0.0985576923076923 0.2091346153846154
9 0.2548076923076923 0.8185096153846154 0.09375 0.16346153846153846
7 0.15745192307692307 0.16947115384615385 0.07692307692307693 0.1658653846153846
11 0.32211538461538464 0.16105769230769232 0.07692307692307693 0.19230769230769232
10 0.24759615384615385 0.18509615384615385 0.06009615384615385 0.11298076923076923
10 0.24519230769230768 0.3605769230769231 0.0625 0.1201923076923077
10 0.2536057692307692 0.45913461538461536 0.0673076923076923 0.11778846153846154
10 0.359375 0.5805288461538461 0.0673076923076923 0.12259615384615384