5 0.5180288461538461 0.38221153846153844 0.0889423076923077 0.20432692307692307
3 0.5865384615384616 0.28125 0.07451923076923077 0.16105769230769232
3 0.6694711538461539 0.6189903846153846 0.09134615384615384 0.17307692307692307
2 0.7668269230769231 0.2283653846153846 0.10576923076923077 0.21634615384615385
6 0.7055288461538461 0.036057692307692304 0.06971153846153846 0.07211538461538461
6 0.9050480769230769 0.7307692307692307 0.0985576923076923 0.15625
4 0.7944711538461539 0.7403846153846154 0.07932692307692307 0.13701923076923078
4 0.6802884615384616 0.28125 0.06971153846153846 0.12740384615384615
4 0.5480769230769231 0.11538461538461539 0.06009615384615385 0.11538461538461539
4 0.6237980769230769 0.4987980769230769 0.06971153846153846 0.1201923076923077
4 0.5673076923076923 0.6370192307692307 0.07211538461538461 0.12740384615384615
4 0.49158653846153844 0.21754807692307693 0.06490384615384616 0.12740384615384615
1 0.6225961538461539 0.042067307692307696 0.0673076923076923 0.08413461538461539
1 0.35697115384615385 0.5240384615384616 0.07932692307692307 0.16346153846153846
12 0.13942307692307693 0.0829326923076923 0.06971153846153846 0.10096153846153846
8 0.13701923076923078 0.4014423076923077 0.0985576923076923 0.21634615384615385
9 0.32572115384615385 0.30528846153846156 0.07932692307692307 0.15384615384615385
9 0.15144230769230768 0.5552884615384616 0.09134615384615384 0.15865384615384615
7 0.13341346153846154 0.13221153846153846 0.07692307692307693 0.15625
7 0.14543269230769232 0.6778846153846154 0.08653846153846154 0.15625
11 0.23197115384615385 0.1971153846153846 0.09615384615384616 0.18028846153846154
10 0.22716346153846154 0.13942307692307693 0.06490384615384616 0.11298076923076923
10 0.36658653846153844 0.052884615384615384 0.06009615384615385 0.08653846153846154
10 0.3894230769230769 0.21153846153846154 0.06009615384615385 0.11778846153846154
10 0.23197115384615385 0.32572115384615385 0.0625 0.11778846153846154
10 0.24278846153846154 0.43149038461538464 0.06971153846153846 0.12259615384615384
10 0.25961538461538464 0.6742788461538461 0.07211538461538461 0.12980769230769232