5 0.484375 0.4375 0.07451923076923077 0.19471153846153846
3 0.4050480769230769 0.34975961538461536 0.0625 0.15384615384615385
3 0.36899038461538464 0.6887019230769231 0.07692307692307693 0.1658653846153846
2 0.22235576923076922 0.32091346153846156 0.0889423076923077 0.2091346153846154
6 0.25 0.09375 0.0625 0.1346153846153846
6 0.15625 0.8293269230769231 0.0889423076923077 0.14903846153846154
4 0.2644230769230769 0.8257211538461539 0.06971153846153846 0.12980769230769232
4 0.3137019230769231 0.36177884615384615 0.06009615384615385 0.12259615384615384
4 0.41947115384615385 0.18269230769230768 0.05048076923076923 0.11298076923076923
4 0.39783653846153844 0.5661057692307693 0.06009615384615385 0.11538461538461539
4 0.4723557692307692 0.6923076923076923 0.06490384615384616 0.1201923076923077
4 0.48677884615384615 0.27403846153846156 0.055288461538461536 0.125
1 0.33413461538461536 0.08653846153846154 0.0625 0.14903846153846154
1 0.6610576923076923 0.5540865384615384 0.0673076923076923 0.15625
12 0.8112980769230769 0.07451923076923077 0.0625 0.13701923076923078
8 0.8581730769230769 0.4050480769230769 0.08173076923076923 0.2091346153846154
9 0.6610576923076923 0.33653846153846156 0.0673076923076923 0.1466346153846154
9 0.8653846153846154 0.5552884615384616 0.08173076923076923 0.15144230769230768
7 0.8257211538461539 0.14182692307692307 0.0673076923076923 0.14903846153846154
7 0.8882211538461539 0.6742788461538461 0.07692307692307693 0.14903846153846154
11 0.7379807692307693 0.21875 0.08173076923076923 0.17307692307692307
10 0.734375 0.16105769230769232 0.055288461538461536 0.10576923076923077
10 0.5865384615384616 0.0829326923076923 0.055288461538461536 0.10817307692307693
10 0.5865384615384616 0.2536057692307692 0.052884615384615384 0.11298076923076923
10 0.7572115384615384 0.3425480769230769 0.052884615384615384 0.11298076923076923
10 0.7608173076923077 0.44711538461538464 0.06009615384615385 0.11778846153846154
10 0.7764423076923077 0.6862980769230769 0.06490384615384616 0.125