2 0.7752403846153846 0.3137019230769231 0.09134615384615384 0.21153846153846154
6 0.7524038461538461 0.09735576923076923 0.06490384615384616 0.12980769230769232
6 0.8016826923076923 0.5492788461538461 0.07932692307692307 0.13701923076923078
1 0.6274038461538461 0.6682692307692307 0.07451923076923077 0.16105769230769232
1 0.6021634615384616 0.3401442307692308 0.0673076923076923 0.14423076923076922
5 0.5228365384615384 0.4266826923076923 0.07451923076923077 0.18509615384615385
4 0.5228365384615384 0.265625 0.05048076923076923 0.11057692307692307
4 0.7259615384615384 0.7980769230769231 0.06490384615384616 0.12259615384615384
4 0.6899038461538461 0.35336538461538464 0.057692307692307696 0.11538461538461539
4 0.6021634615384616 0.5504807692307693 0.06490384615384616 0.11778846153846154
4 0.5300480769230769 0.6706730769230769 0.06490384615384616 0.1201923076923077
4 0.5036057692307693 0.17427884615384615 0.06009615384615385 0.10576923076923077
1 0.6141826923076923 0.16346153846153846 0.07211538461538461 0.15144230769230768
1 0.35336538461538464 0.5324519230769231 0.07692307692307693 0.14423076923076922
11 0.36177884615384615 0.140625 0.07451923076923077 0.18509615384615385
12 0.21514423076923078 0.07091346153846154 0.06490384615384616 0.125
9 0.21875 0.78125 0.08653846153846154 0.15384615384615385
9 0.35697115384615385 0.31850961538461536 0.0673076923076923 0.13701923076923078
7 0.35697115384615385 0.421875 0.06009615384615385 0.13701923076923078
7 0.203125 0.13581730769230768 0.0673076923076923 0.14423076923076922
8 0.16706730769230768 0.39302884615384615 0.09375 0.21153846153846154
10 0.4326923076923077 0.08413461538461539 0.05048076923076923 0.11298076923076923
10 0.42788461538461536 0.2439903846153846 0.055288461538461536 0.11538461538461539
10 0.28846153846153844 0.15625 0.055288461538461536 0.11057692307692307
10 0.265625 0.3269230769230769 0.057692307692307696 0.11538461538461539
10 0.25961538461538464 0.4266826923076923 0.06009615384615385 0.11778846153846154
10 0.23798076923076922 0.65625 0.06490384615384616 0.12259615384615384