11 0.7247596153846154 0.21634615384615385 0.07211538461538461 0.16826923076923078
2 0.22235576923076922 0.29447115384615385 0.07692307692307693 0.19230769230769232
1 0.3425480769230769 0.07211538461538461 0.052884615384615384 0.13942307692307693
6 0.2620192307692308 0.078125 0.055288461538461536 0.11778846153846154
4 0.31009615384615385 0.3401442307692308 0.05048076923076923 0.10096153846153846
6 0.14423076923076922 0.7848557692307693 0.07932692307692307 0.13701923076923078
4 0.2512019230769231 0.7884615384615384 0.0625 0.11057692307692307
3 0.34615384615384615 0.6622596153846154 0.0673076923076923 0.1346153846153846
3 0.3870192307692308 0.3389423076923077 0.052884615384615384 0.1346153846153846
5 0.47596153846153844 0.4170673076923077 0.0625 0.1778846153846154
4 0.4543269230769231 0.6682692307692307 0.057692307692307696 0.11298076923076923
4 0.3954326923076923 0.5444711538461539 0.04807692307692308 0.11057692307692307
4 0.4182692307692308 0.16947115384615385 0.04326923076923077 0.10096153846153846
4 0.4879807692307692 0.08413461538461539 0.038461538461538464 0.10336538461538461
4 0.48197115384615385 0.25841346153846156 0.04807692307692308 0.10336538461538461
4 0.6394230769230769 0.4495192307692308 0.04807692307692308 0.10817307692307693
1 0.6370192307692307 0.5372596153846154 0.057692307692307696 0.13942307692307693
8 0.8377403846153846 0.40384615384615385 0.07211538461538461 0.1971153846153846
12 0.8016826923076923 0.08052884615384616 0.052884615384615384 0.1201923076923077
9 0.6454326923076923 0.32572115384615385 0.06009615384615385 0.12980769230769232
9 0.8389423076923077 0.5444711538461539 0.06971153846153846 0.1346153846153846
7 0.8137019230769231 0.14543269230769232 0.052884615384615384 0.14182692307692307
7 0.8569711538461539 0.6634615384615384 0.0673076923076923 0.13942307692307693
10 0.7247596153846154 0.15865384615384615 0.04326923076923077 0.09375
10 0.7391826923076923 0.3317307692307692 0.052884615384615384 0.10096153846153846
10 0.7524038461538461 0.6682692307692307 0.057692307692307696 0.11538461538461539
10 0.7391826923076923 0.43509615384615385 0.052884615384615384 0.10576923076923077
10 0.5829326923076923 0.08052884615384616 0.04326923076923077 0.10096153846153846
10 0.5793269230769231 0.2403846153846154 0.04326923076923077 0.10576923076923077
10 0.5649038461538461 0.5564903846153846 0.04807692307692308 0.10817307692307693