2 0.2668269230769231 0.5985576923076923 0.09615384615384616 0.21634615384615385
6 0.15264423076923078 0.7536057692307693 0.08653846153846154 0.15865384615384615
3 0.5492788461538461 0.36658653846153844 0.08413461538461539 0.1466346153846154
5 0.3798076923076923 0.27524038461538464 0.07451923076923077 0.19230769230769232
4 0.2956730769230769 0.20793269230769232 0.06009615384615385 0.125
4 0.46274038461538464 0.28125 0.055288461538461536 0.11538461538461539
4 0.3641826923076923 0.5012019230769231 0.055288461538461536 0.1201923076923077
12 0.35216346153846156 0.7211538461538461 0.07932692307692307 0.15384615384615385
9 0.4639423076923077 0.10336538461538461 0.06971153846153846 0.15144230769230768
8 0.7223557692307693 0.3317307692307692 0.08413461538461539 0.21394230769230768
12 0.7692307692307693 0.027644230769230768 0.0625 0.055288461538461536
11 0.625 0.2548076923076923 0.06490384615384616 0.1875
10 0.546875 0.27283653846153844 0.0625 0.125
10 0.6923076923076923 0.03245192307692308 0.057692307692307696 0.06490384615384616
10 0.6995192307692307 0.17067307692307693 0.057692307692307696 0.11778846153846154
10 0.7415865384615384 0.5817307692307693 0.06490384615384616 0.11778846153846154