2 0.24639423076923078 0.6069711538461539 0.11057692307692307 0.22355769230769232
6 0.11177884615384616 0.75 0.0985576923076923 0.16346153846153846
3 0.5600961538461539 0.40865384615384615 0.09375 0.15144230769230768
5 0.4014423076923077 0.2956730769230769 0.08653846153846154 0.19951923076923078
4 0.3245192307692308 0.21634615384615385 0.0673076923076923 0.12740384615384615
4 0.484375 0.3112980769230769 0.0625 0.1201923076923077
4 0.35697115384615385 0.5216346153846154 0.0625 0.125
12 0.31850961538461536 0.7427884615384616 0.0889423076923077 0.15865384615384615
9 0.5072115384615384 0.1310096153846154 0.07932692307692307 0.15625
8 0.7391826923076923 0.3942307692307692 0.09615384615384616 0.21875
12 0.8269230769230769 0.07451923076923077 0.06971153846153846 0.10096153846153846
11 0.6514423076923077 0.30408653846153844 0.07451923076923077 0.19230769230769232
10 0.5709134615384616 0.3137019230769231 0.06971153846153846 0.12980769230769232
10 0.7487980769230769 0.07091346153846154 0.06490384615384616 0.10576923076923077
10 0.7355769230769231 0.22956730769230768 0.06490384615384616 0.12259615384615384
10 0.7295673076923077 0.6502403846153846 0.07211538461538461 0.12259615384615384