2 0.2668269230769231 0.6165865384615384 0.10576923076923077 0.21394230769230768
6 0.16346153846153846 0.7740384615384616 0.09375 0.15625
3 0.5288461538461539 0.3786057692307692 0.0889423076923077 0.1466346153846154
5 0.3605769230769231 0.296875 0.08413461538461539 0.19230769230769232
4 0.27403846153846156 0.23557692307692307 0.06490384615384616 0.12259615384615384
4 0.43990384615384615 0.2980769230769231 0.06009615384615385 0.11538461538461539
4 0.35697115384615385 0.5180288461538461 0.06009615384615385 0.1201923076923077
12 0.3557692307692308 0.7319711538461539 0.08413461538461539 0.15144230769230768
9 0.4338942307692308 0.125 0.07692307692307693 0.15144230769230768
8 0.6971153846153846 0.33413461538461536 0.09375 0.21153846153846154
12 0.7259615384615384 0.03245192307692308 0.0673076923076923 0.06490384615384616
11 0.5973557692307693 0.2644230769230769 0.07211538461538461 0.18509615384615385
10 0.5228365384615384 0.2860576923076923 0.0673076923076923 0.125
10 0.6502403846153846 0.038461538461538464 0.06009615384615385 0.07692307692307693
10 0.6646634615384616 0.17908653846153846 0.0625 0.11778846153846154
10 0.7283653846153846 0.578125 0.06971153846153846 0.11778846153846154