6 0.8449519230769231 0.8088942307692307 0.08653846153846154 0.14903846153846154
2 0.6538461538461539 0.7584134615384616 0.09375 0.21875
5 0.6105769230769231 0.33052884615384615 0.08173076923076923 0.18269230769230768
4 0.6995192307692307 0.25600961538461536 0.057692307692307696 0.11057692307692307
4 0.6298076923076923 0.5540865384615384 0.06490384615384616 0.11538461538461539
4 0.5276442307692307 0.3329326923076923 0.057692307692307696 0.11538461538461539
8 0.3581730769230769 0.39783653846153844 0.0889423076923077 0.20673076923076922
12 0.1875 0.22716346153846154 0.07451923076923077 0.12980769230769232
10 0.2920673076923077 0.06610576923076923 0.06490384615384616 0.11057692307692307
10 0.3737980769230769 0.1658653846153846 0.06009615384615385 0.11538461538461539
10 0.4411057692307692 0.3317307692307692 0.06009615384615385 0.11298076923076923
10 0.24519230769230768 0.6622596153846154 0.0673076923076923 0.12980769230769232