2 0.23798076923076922 0.28725961538461536 0.0889423076923077 0.19951923076923078
5 0.48197115384615385 0.4254807692307692 0.07211538461538461 0.1778846153846154
1 0.36899038461538464 0.0733173076923077 0.06009615384615385 0.14182692307692307
6 0.2860576923076923 0.07091346153846154 0.06009615384615385 0.1201923076923077
6 0.13581730769230768 0.7680288461538461 0.08653846153846154 0.14182692307692307
4 0.24158653846153846 0.7740384615384616 0.0673076923076923 0.11538461538461539
3 0.35096153846153844 0.6502403846153846 0.07932692307692307 0.15384615384615385
3 0.4026442307692308 0.33533653846153844 0.06490384615384616 0.14182692307692307
4 0.32211538461538464 0.33533653846153844 0.052884615384615384 0.10336538461538461
4 0.4362980769230769 0.171875 0.05048076923076923 0.10336538461538461
4 0.4963942307692308 0.2620192307692308 0.05048076923076923 0.10576923076923077
4 0.38822115384615385 0.5372596153846154 0.052884615384615384 0.11057692307692307
4 0.4483173076923077 0.6670673076923077 0.057692307692307696 0.11298076923076923
4 0.6454326923076923 0.4579326923076923 0.052884615384615384 0.10096153846153846
1 0.6382211538461539 0.5516826923076923 0.0673076923076923 0.14423076923076922
10 0.7451923076923077 0.18028846153846154 0.05048076923076923 0.10817307692307693
11 0.7379807692307693 0.23317307692307693 0.0673076923076923 0.16826923076923078
8 0.8425480769230769 0.4230769230769231 0.08173076923076923 0.19471153846153846
9 0.8365384615384616 0.5649038461538461 0.08173076923076923 0.14182692307692307
7 0.8341346153846154 0.16826923076923078 0.07451923076923077 0.13701923076923078
7 0.8485576923076923 0.6826923076923077 0.07211538461538461 0.14182692307692307
9 0.6550480769230769 0.33653846153846156 0.0673076923076923 0.1346153846153846
12 0.8257211538461539 0.10216346153846154 0.06971153846153846 0.13221153846153846
10 0.6081730769230769 0.0889423076923077 0.052884615384615384 0.10817307692307693
10 0.5949519230769231 0.2536057692307692 0.052884615384615384 0.11057692307692307
10 0.7487980769230769 0.35216346153846156 0.055288461538461536 0.10576923076923077
10 0.7451923076923077 0.453125 0.06009615384615385 0.10817307692307693
10 0.7463942307692307 0.6826923076923077 0.0673076923076923 0.11778846153846154
10 0.5661057692307693 0.5649038461538461 0.052884615384615384 0.11057692307692307