9 0.2283653846153846 0.6201923076923077 0.08413461538461539 0.16826923076923078
2 0.7872596153846154 0.3245192307692308 0.10096153846153846 0.21153846153846154
6 0.6069711538461539 0.08413461538461539 0.06971153846153846 0.13701923076923078
1 0.5288461538461539 0.2283653846153846 0.07211538461538461 0.15144230769230768
4 0.44591346153846156 0.16947115384615385 0.06009615384615385 0.11057692307692307
4 0.6983173076923077 0.36177884615384615 0.057692307692307696 0.11778846153846154
4 0.6021634615384616 0.5480769230769231 0.06490384615384616 0.12740384615384615
4 0.5264423076923077 0.6694711538461539 0.06490384615384616 0.12259615384615384
9 0.4375 0.6430288461538461 0.08653846153846154 0.16346153846153846
7 0.44591346153846156 0.421875 0.07451923076923077 0.16105769230769232
8 0.1778846153846154 0.2704326923076923 0.09615384615384616 0.21634615384615385
12 0.46875 0.06850961538461539 0.0673076923076923 0.1346153846153846
11 0.3737980769230769 0.13221153846153846 0.07451923076923077 0.18269230769230768
10 0.29927884615384615 0.14423076923076922 0.06009615384615385 0.11538461538461539
10 0.2704326923076923 0.31850961538461536 0.06971153846153846 0.11778846153846154
10 0.3605769230769231 0.31490384615384615 0.06490384615384616 0.1201923076923077
10 0.3485576923076923 0.5444711538461539 0.0673076923076923 0.13221153846153846