6 0.14783653846153846 0.7824519230769231 0.08413461538461539 0.1466346153846154
2 0.17427884615384615 0.5264423076923077 0.10336538461538461 0.2091346153846154
5 0.3858173076923077 0.3088942307692308 0.07211538461538461 0.1875
3 0.5588942307692307 0.4110576923076923 0.07451923076923077 0.1466346153846154
4 0.2848557692307692 0.43149038461538464 0.057692307692307696 0.11538461538461539
4 0.3016826923076923 0.24278846153846154 0.052884615384615384 0.11298076923076923
4 0.3701923076923077 0.5348557692307693 0.06009615384615385 0.125
4 0.4723557692307692 0.32091346153846156 0.04807692307692308 0.11778846153846154
4 0.6237980769230769 0.05889423076923077 0.05048076923076923 0.11778846153846154
11 0.6334134615384616 0.3004807692307692 0.06971153846153846 0.18509615384615385
8 0.7367788461538461 0.3786057692307692 0.08653846153846154 0.21153846153846154
9 0.6478365384615384 0.5108173076923077 0.06490384615384616 0.15865384615384615
7 0.5637019230769231 0.6298076923076923 0.07211538461538461 0.16105769230769232
9 0.47596153846153844 0.13701923076923078 0.0625 0.15384615384615385
12 0.3557692307692308 0.7620192307692307 0.08413461538461539 0.15865384615384615
12 0.7884615384615384 0.051682692307692304 0.0625 0.10336538461538461
10 0.5600961538461539 0.3161057692307692 0.055288461538461536 0.11057692307692307
10 0.7091346153846154 0.051682692307692304 0.055288461538461536 0.10336538461538461
10 0.7127403846153846 0.21754807692307693 0.057692307692307696 0.11057692307692307
10 0.7512019230769231 0.6346153846153846 0.0673076923076923 0.125