11 0.33774038461538464 0.14783653846153846 0.07932692307692307 0.18990384615384615
7 0.17067307692307693 0.15264423076923078 0.0673076923076923 0.14423076923076922
12 0.18269230769230768 0.09134615384615384 0.0673076923076923 0.13221153846153846
8 0.15384615384615385 0.3137019230769231 0.08413461538461539 0.21394230769230768
9 0.23557692307692307 0.8173076923076923 0.09134615384615384 0.17307692307692307
10 0.2644230769230769 0.16706730769230768 0.06490384615384616 0.125
10 0.25240384615384615 0.34615384615384615 0.06009615384615385 0.11778846153846154
10 0.2536057692307692 0.45072115384615385 0.0625 0.12259615384615384
10 0.35697115384615385 0.578125 0.06490384615384616 0.11778846153846154
2 0.7800480769230769 0.2956730769230769 0.09134615384615384 0.2091346153846154
1 0.5997596153846154 0.15745192307692307 0.06490384615384616 0.1466346153846154
3 0.2403846153846154 0.6586538461538461 0.08173076923076923 0.17307692307692307
3 0.34615384615384615 0.44711538461538464 0.07211538461538461 0.17067307692307693
6 0.5697115384615384 0.0733173076923077 0.06009615384615385 0.13221153846153846
6 0.5132211538461539 0.3473557692307692 0.06971153846153846 0.14182692307692307
4 0.4098557692307692 0.18509615384615385 0.055288461538461536 0.1201923076923077
4 0.6923076923076923 0.3425480769230769 0.052884615384615384 0.1201923076923077
4 0.5552884615384616 0.6802884615384616 0.0625 0.12980769230769232
4 0.6129807692307693 0.5480769230769231 0.06009615384615385 0.12980769230769232