9 0.24158653846153846 0.8076923076923077 0.10336538461538461 0.17067307692307693
7 0.4230769230769231 0.421875 0.07932692307692307 0.16826923076923078
11 0.31009615384615385 0.13942307692307693 0.07692307692307693 0.19471153846153846
8 0.13221153846153846 0.31009615384615385 0.0985576923076923 0.23557692307692307
12 0.14783653846153846 0.09134615384615384 0.07211538461538461 0.13942307692307693
10 0.23557692307692307 0.16947115384615385 0.0625 0.11538461538461539
10 0.22716346153846154 0.34134615384615385 0.0673076923076923 0.11778846153846154
10 0.23918269230769232 0.4423076923076923 0.07211538461538461 0.1201923076923077
10 0.3449519230769231 0.5588942307692307 0.07692307692307693 0.12980769230769232
2 0.7524038461538461 0.26322115384615385 0.10576923076923077 0.22596153846153846
6 0.5372596153846154 0.06370192307692307 0.06490384615384616 0.12740384615384615
6 0.3269230769230769 0.3401442307692308 0.07451923076923077 0.14423076923076922
3 0.3293269230769231 0.4362980769230769 0.08173076923076923 0.15865384615384615
3 0.23918269230769232 0.6538461538461539 0.07932692307692307 0.17067307692307693
1 0.48197115384615385 0.21995192307692307 0.07211538461538461 0.1658653846153846
4 0.38221153846153844 0.16826923076923078 0.06009615384615385 0.11538461538461539
4 0.6706730769230769 0.31490384615384615 0.06009615384615385 0.11057692307692307
4 0.6057692307692307 0.5228365384615384 0.0673076923076923 0.12980769230769232
4 0.5492788461538461 0.6586538461538461 0.0673076923076923 0.125