5 0.7704326923076923 0.28125 0.08653846153846154 0.16826923076923078
2 0.78125 0.35336538461538464 0.09134615384615384 0.1971153846153846
1 0.7439903846153846 0.19951923076923078 0.0625 0.13221153846153846
1 0.8064903846153846 0.4807692307692308 0.06971153846153846 0.1346153846153846
3 0.7223557692307693 0.12139423076923077 0.06490384615384616 0.125
3 0.8365384615384616 0.5973557692307693 0.08173076923076923 0.12980769230769232
6 0.7115384615384616 0.052884615384615384 0.057692307692307696 0.10576923076923077
6 0.8581730769230769 0.7175480769230769 0.07932692307692307 0.12740384615384615
4 0.7572115384615384 0.7271634615384616 0.057692307692307696 0.10576923076923077
4 0.7331730769230769 0.6057692307692307 0.057692307692307696 0.10096153846153846
4 0.7127403846153846 0.5012019230769231 0.057692307692307696 0.10096153846153846
4 0.6935096153846154 0.39663461538461536 0.05048076923076923 0.0985576923076923
4 0.6730769230769231 0.29927884615384615 0.05048076923076923 0.0985576923076923
4 0.65625 0.21754807692307693 0.052884615384615384 0.0985576923076923
4 0.6418269230769231 0.13701923076923078 0.04807692307692308 0.09615384615384616
4 0.6298076923076923 0.051682692307692304 0.04567307692307692 0.10096153846153846
11 0.17067307692307693 0.30408653846153844 0.07451923076923077 0.17307692307692307
8 0.16105769230769232 0.3918269230769231 0.08173076923076923 0.19951923076923078
7 0.16826923076923078 0.2283653846153846 0.06009615384615385 0.13221153846153846
7 0.15384615384615385 0.5192307692307693 0.06971153846153846 0.14423076923076922
9 0.16947115384615385 0.15144230769230768 0.06490384615384616 0.12740384615384615
9 0.16105769230769232 0.6538461538461539 0.07692307692307693 0.13701923076923078
12 0.17427884615384615 0.07572115384615384 0.057692307692307696 0.11057692307692307
12 0.15504807692307693 0.7824519230769231 0.08173076923076923 0.14182692307692307
10 0.24879807692307693 0.07572115384615384 0.05048076923076923 0.09375
10 0.2536057692307692 0.15745192307692307 0.052884615384615384 0.09375
10 0.25961538461538464 0.24278846153846154 0.05048076923076923 0.10096153846153846
10 0.25961538461538464 0.328125 0.057692307692307696 0.10096153846153846
10 0.2644230769230769 0.42908653846153844 0.0625 0.10576923076923077
10 0.26322115384615385 0.5348557692307693 0.06009615384615385 0.10336538461538461
10 0.26802884615384615 0.6370192307692307 0.06009615384615385 0.11057692307692307
10 0.26802884615384615 0.7596153846153846 0.06009615384615385 0.11538461538461539