5 0.8365384615384616 0.2668269230769231 0.08413461538461539 0.17548076923076922
2 0.8413461538461539 0.34375 0.0889423076923077 0.20432692307692307
1 0.8173076923076923 0.17908653846153846 0.06009615384615385 0.13942307692307693
1 0.8521634615384616 0.4795673076923077 0.0673076923076923 0.13942307692307693
3 0.8040865384615384 0.09615384615384616 0.0625 0.12740384615384615
3 0.8713942307692307 0.6033653846153846 0.08173076923076923 0.1346153846153846
6 0.7992788461538461 0.042067307692307696 0.055288461538461536 0.0673076923076923
6 0.8810096153846154 0.7307692307692307 0.07692307692307693 0.13221153846153846
4 0.7728365384615384 0.7295673076923077 0.057692307692307696 0.11057692307692307
4 0.7620192307692307 0.6009615384615384 0.057692307692307696 0.10576923076923077
4 0.7524038461538461 0.4891826923076923 0.055288461538461536 0.10336538461538461
4 0.7451923076923077 0.3786057692307692 0.05048076923076923 0.10336538461538461
4 0.7331730769230769 0.27524038461538464 0.05048076923076923 0.10336538461538461
4 0.7235576923076923 0.18870192307692307 0.05048076923076923 0.10096153846153846
4 0.7199519230769231 0.10216346153846154 0.04807692307692308 0.0985576923076923
4 0.7163461538461539 0.036057692307692304 0.04326923076923077 0.057692307692307696
11 0.2091346153846154 0.2247596153846154 0.07451923076923077 0.1778846153846154
8 0.18870192307692307 0.3161057692307692 0.07692307692307693 0.20673076923076922
7 0.21394230769230768 0.1466346153846154 0.057692307692307696 0.13942307692307693
7 0.16826923076923078 0.4483173076923077 0.06971153846153846 0.1466346153846154
9 0.22355769230769232 0.0673076923076923 0.06490384615384616 0.12980769230769232
9 0.16105769230769232 0.5889423076923077 0.07692307692307693 0.14182692307692307
12 0.23557692307692307 0.021634615384615384 0.052884615384615384 0.04326923076923077
12 0.13942307692307693 0.7211538461538461 0.08173076923076923 0.1466346153846154
10 0.3112980769230769 0.020432692307692308 0.05048076923076923 0.040865384615384616
10 0.3112980769230769 0.08052884615384616 0.05048076923076923 0.0985576923076923
10 0.30649038461538464 0.17067307692307693 0.04807692307692308 0.10336538461538461
10 0.29927884615384615 0.25961538461538464 0.055288461538461536 0.10576923076923077
10 0.2932692307692308 0.36778846153846156 0.0625 0.10817307692307693
10 0.2800480769230769 0.47596153846153844 0.0625 0.10576923076923077
10 0.27403846153846156 0.5817307692307693 0.06009615384615385 0.11538461538461539
10 0.2608173076923077 0.7103365384615384 0.06009615384615385 0.1201923076923077