11 0.359375 0.13581730769230768 0.07692307692307693 0.1875
12 0.21153846153846154 0.0733173076923077 0.06971153846153846 0.1346153846153846
7 0.19831730769230768 0.13341346153846154 0.06971153846153846 0.15144230769230768
8 0.17067307692307693 0.2932692307692308 0.08413461538461539 0.21394230769230768
9 0.2283653846153846 0.7932692307692307 0.09134615384615384 0.17067307692307693
10 0.2848557692307692 0.15144230769230768 0.06009615384615385 0.11538461538461539
10 0.2644230769230769 0.3293269230769231 0.057692307692307696 0.11298076923076923
10 0.2620192307692308 0.43028846153846156 0.0673076923076923 0.11538461538461539
10 0.3605769230769231 0.5649038461538461 0.06490384615384616 0.1201923076923077
2 0.7956730769230769 0.3088942307692308 0.09615384615384616 0.21153846153846154
6 0.5973557692307693 0.07692307692307693 0.06490384615384616 0.13701923076923078
1 0.5240384615384616 0.2283653846153846 0.06971153846153846 0.16105769230769232
6 0.5240384615384616 0.34615384615384615 0.06971153846153846 0.13221153846153846
3 0.35697115384615385 0.42908653846153844 0.08173076923076923 0.16826923076923078
3 0.23557692307692307 0.640625 0.07932692307692307 0.16346153846153846
4 0.4362980769230769 0.17067307692307693 0.055288461538461536 0.11538461538461539
4 0.5456730769230769 0.6778846153846154 0.06490384615384616 0.1201923076923077
4 0.703125 0.34975961538461536 0.057692307692307696 0.11778846153846154
4 0.6201923076923077 0.5528846153846154 0.06009615384615385 0.11778846153846154