11 0.6622596153846154 0.14302884615384615 0.07211538461538461 0.18509615384615385
12 0.8112980769230769 0.09014423076923077 0.0673076923076923 0.13221153846153846
7 0.8209134615384616 0.1502403846153846 0.0673076923076923 0.14903846153846154
8 0.8401442307692307 0.3088942307692308 0.07932692307692307 0.21153846153846154
9 0.7584134615384616 0.7980769230769231 0.0889423076923077 0.1658653846153846
10 0.7355769230769231 0.1622596153846154 0.057692307692307696 0.11298076923076923
10 0.7463942307692307 0.3401442307692308 0.055288461538461536 0.10817307692307693
10 0.7439903846153846 0.43990384615384615 0.06490384615384616 0.11298076923076923
10 0.640625 0.5661057692307693 0.0625 0.11778846153846154
2 0.22596153846153846 0.2920673076923077 0.09134615384615384 0.20673076923076922
6 0.43149038461538464 0.0733173076923077 0.0625 0.13221153846153846
1 0.4963942307692308 0.22596153846153846 0.0673076923076923 0.15625
6 0.4891826923076923 0.3425480769230769 0.06490384615384616 0.12740384615384615
3 0.6502403846153846 0.4326923076923077 0.07692307692307693 0.1658653846153846
3 0.7584134615384616 0.6466346153846154 0.07692307692307693 0.16105769230769232
4 0.5865384615384616 0.17307692307692307 0.052884615384615384 0.11298076923076923
4 0.453125 0.6670673076923077 0.06009615384615385 0.11778846153846154
4 0.3125 0.33533653846153844 0.055288461538461536 0.11538461538461539
4 0.38461538461538464 0.5396634615384616 0.057692307692307696 0.11538461538461539