12 0.4326923076923077 0.2608173076923077 0.0625 0.1346153846153846
8 0.3425480769230769 0.4254807692307692 0.07692307692307693 0.21153846153846154
10 0.4206730769230769 0.35216346153846156 0.055288461538461536 0.11538461538461539
10 0.3449519230769231 0.18389423076923078 0.055288461538461536 0.11538461538461539
10 0.25721153846153844 0.09014423076923077 0.052884615384615384 0.11057692307692307
10 0.24158653846153846 0.6995192307692307 0.0625 0.1201923076923077
2 0.6610576923076923 0.7764423076923077 0.08653846153846154 0.21634615384615385
6 0.8581730769230769 0.8149038461538461 0.08173076923076923 0.14423076923076922
5 0.5949519230769231 0.33533653846153844 0.0673076923076923 0.18990384615384615
4 0.6814903846153846 0.2620192307692308 0.04567307692307692 0.11057692307692307
4 0.5120192307692307 0.3485576923076923 0.04807692307692308 0.11057692307692307
4 0.625 0.5673076923076923 0.055288461538461536 0.11538461538461539