12 0.5252403846153846 0.2548076923076923 0.07451923076923077 0.14182692307692307
8 0.6346153846153846 0.4110576923076923 0.10096153846153846 0.22115384615384615
10 0.546875 0.34375 0.0673076923076923 0.12259615384615384
10 0.6045673076923077 0.1658653846153846 0.0673076923076923 0.1201923076923077
10 0.6850961538461539 0.0625 0.06490384615384616 0.11778846153846154
10 0.765625 0.6766826923076923 0.07451923076923077 0.12740384615384615
2 0.3485576923076923 0.7992788461538461 0.10817307692307693 0.2283653846153846
6 0.15504807692307693 0.859375 0.0985576923076923 0.15625
5 0.36899038461538464 0.3473557692307692 0.08653846153846154 0.1971153846153846
4 0.27283653846153844 0.2824519230769231 0.057692307692307696 0.11538461538461539
4 0.4543269230769231 0.34975961538461536 0.06009615384615385 0.11538461538461539
4 0.3629807692307692 0.5829326923076923 0.06971153846153846 0.125