2 0.22956730769230768 0.30528846153846156 0.09134615384615384 0.20673076923076922
5 0.21514423076923078 0.41586538461538464 0.09134615384615384 0.18509615384615385
3 0.19831730769230768 0.5637019230769231 0.08173076923076923 0.13701923076923078
3 0.2283653846153846 0.24639423076923078 0.07692307692307693 0.13221153846153846
1 0.19831730769230768 0.6850961538461539 0.07932692307692307 0.15384615384615385
1 0.24879807692307693 0.14783653846153846 0.0625 0.14903846153846154
6 0.2608173076923077 0.0733173076923077 0.06490384615384616 0.1201923076923077
6 0.1814903846153846 0.8257211538461539 0.09375 0.1466346153846154
4 0.2932692307692308 0.8197115384615384 0.0673076923076923 0.1201923076923077
4 0.30288461538461536 0.6682692307692307 0.06490384615384616 0.1201923076923077
4 0.32091346153846156 0.5600961538461539 0.0625 0.11298076923076923
4 0.3161057692307692 0.4375 0.06009615384615385 0.11057692307692307
4 0.33052884615384615 0.34375 0.0673076923076923 0.11298076923076923
4 0.32572115384615385 0.2644230769230769 0.06009615384615385 0.11057692307692307
4 0.3425480769230769 0.1658653846153846 0.057692307692307696 0.10817307692307693
4 0.33774038461538464 0.07211538461538461 0.052884615384615384 0.11057692307692307
11 0.8605769230769231 0.28966346153846156 0.08653846153846154 0.18990384615384615
8 0.8834134615384616 0.37259615384615385 0.09375 0.21153846153846154
9 0.8629807692307693 0.20192307692307693 0.07451923076923077 0.1346153846153846
9 0.8978365384615384 0.5180288461538461 0.09375 0.15144230769230768
7 0.8389423076923077 0.09735576923076923 0.07211538461538461 0.15625
7 0.9254807692307693 0.6442307692307693 0.08413461538461539 0.15625
12 0.8233173076923077 0.051682692307692304 0.06971153846153846 0.10336538461538461
12 0.9423076923076923 0.796875 0.09134615384615384 0.15384615384615385
10 0.7487980769230769 0.04927884615384615 0.06009615384615385 0.0985576923076923
10 0.7475961538461539 0.12860576923076922 0.06009615384615385 0.11538461538461539
10 0.7668269230769231 0.21875 0.0625 0.11298076923076923
10 0.7752403846153846 0.3088942307692308 0.06490384615384616 0.11298076923076923
10 0.7824519230769231 0.41225961538461536 0.0673076923076923 0.1201923076923077
10 0.8305288461538461 0.7992788461538461 0.07211538461538461 0.1201923076923077
10 0.8161057692307693 0.6538461538461539 0.07211538461538461 0.12740384615384615
10 0.6081730769230769 0.5528846153846154 0.06490384615384616 0.125