2 0.78125 0.29447115384615385 0.07211538461538461 0.19230769230769232
5 0.8028846153846154 0.39903846153846156 0.07451923076923077 0.17067307692307693
3 0.828125 0.5372596153846154 0.06971153846153846 0.12740384615384615
3 0.7788461538461539 0.23798076923076922 0.06490384615384616 0.1201923076923077
1 0.8353365384615384 0.6538461538461539 0.0673076923076923 0.14182692307692307
1 0.7524038461538461 0.14543269230769232 0.05048076923076923 0.13942307692307693
6 0.7379807692307693 0.0733173076923077 0.055288461538461536 0.11538461538461539
6 0.8617788461538461 0.7860576923076923 0.07932692307692307 0.1346153846153846
4 0.7548076923076923 0.7872596153846154 0.057692307692307696 0.11057692307692307
4 0.734375 0.6442307692307693 0.052884615384615384 0.11057692307692307
4 0.7103365384615384 0.5420673076923077 0.052884615384615384 0.10576923076923077
4 0.7067307692307693 0.4254807692307692 0.04807692307692308 0.10096153846153846
4 0.6887019230769231 0.33774038461538464 0.057692307692307696 0.10336538461538461
4 0.6862980769230769 0.2620192307692308 0.04807692307692308 0.10336538461538461
4 0.6634615384615384 0.16947115384615385 0.04807692307692308 0.10096153846153846
4 0.6634615384615384 0.07932692307692307 0.04326923076923077 0.10336538461538461
11 0.17908653846153846 0.32091346153846156 0.06971153846153846 0.1778846153846154
8 0.16346153846153846 0.4014423076923077 0.07692307692307693 0.1971153846153846
9 0.171875 0.23798076923076922 0.0625 0.125
9 0.15985576923076922 0.5408653846153846 0.07932692307692307 0.13942307692307693
7 0.1875 0.13701923076923078 0.06009615384615385 0.14423076923076922
7 0.14182692307692307 0.6622596153846154 0.06971153846153846 0.14423076923076922
12 0.19831730769230768 0.08173076923076923 0.057692307692307696 0.1201923076923077
12 0.13581730769230768 0.8088942307692307 0.07692307692307693 0.13942307692307693
10 0.2704326923076923 0.08052884615384616 0.04807692307692308 0.10096153846153846
10 0.2776442307692308 0.15985576923076922 0.04807692307692308 0.10576923076923077
10 0.2644230769230769 0.24759615384615385 0.052884615384615384 0.10576923076923077
10 0.2620192307692308 0.33413461538461536 0.052884615384615384 0.10336538461538461
10 0.26322115384615385 0.4326923076923077 0.057692307692307696 0.11057692307692307
10 0.24278846153846154 0.8040865384615384 0.0625 0.11057692307692307
10 0.24759615384615385 0.6646634615384616 0.06009615384615385 0.11778846153846154
10 0.4375 0.5552884615384616 0.052884615384615384 0.11538461538461539