6 0.8798076923076923 0.7680288461538461 0.08653846153846154 0.14423076923076922
2 0.7728365384615384 0.2800480769230769 0.08653846153846154 0.21153846153846154
6 0.7247596153846154 0.06490384615384616 0.0625 0.12740384615384615
5 0.5252403846153846 0.4206730769230769 0.06971153846153846 0.18269230769230768
3 0.6574519230769231 0.6514423076923077 0.07211538461538461 0.15625
3 0.5997596153846154 0.32572115384615385 0.06490384615384616 0.14423076923076922
4 0.7728365384615384 0.7740384615384616 0.06490384615384616 0.12259615384615384
4 0.6201923076923077 0.5336538461538461 0.057692307692307696 0.11057692307692307
4 0.5612980769230769 0.6670673076923077 0.06009615384615385 0.11538461538461539
4 0.6899038461538461 0.33413461538461536 0.055288461538461536 0.11298076923076923
4 0.5120192307692307 0.25961538461538464 0.06009615384615385 0.11298076923076923
4 0.5697115384615384 0.16466346153846154 0.057692307692307696 0.11057692307692307
1 0.6418269230769231 0.0673076923076923 0.0625 0.1346153846153846
1 0.36658653846153844 0.5516826923076923 0.0673076923076923 0.15144230769230768
7 0.16947115384615385 0.16105769230769232 0.06971153846153846 0.1466346153846154
12 0.17908653846153846 0.0985576923076923 0.06009615384615385 0.12259615384615384
8 0.15985576923076922 0.4206730769230769 0.08653846153846154 0.20432692307692307
11 0.3317307692307692 0.14783653846153846 0.07211538461538461 0.18509615384615385
9 0.3485576923076923 0.33533653846153844 0.0673076923076923 0.13942307692307693
9 0.16706730769230768 0.5649038461538461 0.08173076923076923 0.14182692307692307
7 0.15504807692307693 0.6826923076923077 0.07932692307692307 0.15144230769230768
10 0.2644230769230769 0.6850961538461539 0.0625 0.11778846153846154
10 0.2608173076923077 0.45072115384615385 0.06971153846153846 0.11298076923076923
10 0.2548076923076923 0.3485576923076923 0.057692307692307696 0.11538461538461539
10 0.2608173076923077 0.17668269230769232 0.06009615384615385 0.11538461538461539
10 0.39903846153846156 0.0829326923076923 0.055288461538461536 0.11298076923076923
10 0.41466346153846156 0.24519230769230768 0.057692307692307696 0.11057692307692307