12 0.6382211538461539 0.7860576923076923 0.07692307692307693 0.14423076923076922
6 0.8389423076923077 0.7956730769230769 0.07932692307692307 0.13942307692307693
2 0.7223557692307693 0.6478365384615384 0.09134615384615384 0.21394230769230768
5 0.6009615384615384 0.3293269230769231 0.07692307692307693 0.18028846153846154
4 0.6875 0.25961538461538464 0.052884615384615384 0.10817307692307693
4 0.6189903846153846 0.5540865384615384 0.06009615384615385 0.11778846153846154
4 0.5180288461538461 0.33653846153846156 0.052884615384615384 0.10576923076923077
6 0.2620192307692308 0.5348557692307693 0.06971153846153846 0.14423076923076922
8 0.3557692307692308 0.4050480769230769 0.08173076923076923 0.19951923076923078
12 0.17908653846153846 0.2403846153846154 0.07211538461538461 0.12980769230769232
10 0.4338942307692308 0.33653846153846156 0.055288461538461536 0.11057692307692307
10 0.36538461538461536 0.17668269230769232 0.052884615384615384 0.11057692307692307
10 0.28125 0.07572115384615384 0.052884615384615384 0.10576923076923077
10 0.24639423076923078 0.6646634615384616 0.06490384615384616 0.11298076923076923