6 0.3762019230769231 0.078125 0.0625 0.12740384615384615
6 0.1814903846153846 0.7644230769230769 0.08653846153846154 0.14423076923076922
2 0.20072115384615385 0.3954326923076923 0.09615384615384616 0.20432692307692307
5 0.38461538461538464 0.3004807692307692 0.08413461538461539 0.1778846153846154
4 0.30649038461538464 0.15985576923076922 0.052884615384615384 0.10336538461538461
4 0.3016826923076923 0.2439903846153846 0.055288461538461536 0.11057692307692307
4 0.2932692307692308 0.4182692307692308 0.0625 0.11778846153846154
4 0.3798076923076923 0.515625 0.06009615384615385 0.11298076923076923
4 0.46634615384615385 0.30408653846153844 0.0625 0.11057692307692307
4 0.44591346153846156 0.06850961538461539 0.055288461538461536 0.10336538461538461
3 0.3786057692307692 0.14423076923076922 0.06009615384615385 0.13701923076923078
3 0.5528846153846154 0.3894230769230769 0.08173076923076923 0.14423076923076922
11 0.6213942307692307 0.2848557692307692 0.08653846153846154 0.17548076923076922
12 0.7524038461538461 0.04447115384615385 0.0673076923076923 0.0889423076923077
12 0.765625 0.7223557692307693 0.08173076923076923 0.14182692307692307
8 0.8197115384615384 0.3329326923076923 0.09615384615384616 0.20192307692307693
7 0.8425480769230769 0.4567307692307692 0.08653846153846154 0.14423076923076922
9 0.6069711538461539 0.18509615384615385 0.07211538461538461 0.13942307692307693
9 0.84375 0.5757211538461539 0.09134615384615384 0.15144230769230768
10 0.546875 0.29447115384615385 0.06009615384615385 0.11057692307692307
10 0.6766826923076923 0.04567307692307692 0.055288461538461536 0.09134615384615384
10 0.6899038461538461 0.1971153846153846 0.057692307692307696 0.11298076923076923
10 0.7475961538461539 0.5925480769230769 0.06971153846153846 0.125
10 0.5757211538461539 0.7283653846153846 0.07211538461538461 0.12259615384615384