2 0.234375 0.30528846153846156 0.09134615384615384 0.20432692307692307
6 0.7620192307692307 0.07451923076923077 0.0625 0.125
8 0.8581730769230769 0.31971153846153844 0.0889423076923077 0.21634615384615385
12 0.5793269230769231 0.34615384615384615 0.055288461538461536 0.12980769230769232
7 0.5733173076923077 0.43990384615384615 0.0673076923076923 0.1466346153846154
10 0.65625 0.5757211538461539 0.0625 0.11538461538461539
10 0.7548076923076923 0.17427884615384615 0.055288461538461536 0.11538461538461539
10 0.7632211538461539 0.34975961538461536 0.06009615384615385 0.11538461538461539
4 0.6682692307692307 0.453125 0.06009615384615385 0.11298076923076923
4 0.42427884615384615 0.34375 0.05048076923076923 0.11298076923076923
4 0.46153846153846156 0.6754807692307693 0.057692307692307696 0.1201923076923077