2 0.23557692307692307 0.25841346153846156 0.10817307692307693 0.21153846153846154
6 0.78125 0.07692307692307693 0.06971153846153846 0.10336538461538461
8 0.8641826923076923 0.3173076923076923 0.10576923076923077 0.22355769230769232
12 0.5805288461538461 0.3233173076923077 0.06490384615384616 0.1346153846153846
7 0.5661057692307693 0.4182692307692308 0.07932692307692307 0.15144230769230768
10 0.6418269230769231 0.5612980769230769 0.06971153846153846 0.1201923076923077
10 0.7680288461538461 0.16466346153846154 0.0625 0.11778846153846154
10 0.7644230769230769 0.3401442307692308 0.0673076923076923 0.12259615384615384
4 0.6622596153846154 0.4387019230769231 0.0673076923076923 0.11778846153846154
4 0.4230769230769231 0.3088942307692308 0.057692307692307696 0.11778846153846154
4 0.4375 0.6478365384615384 0.0673076923076923 0.125