5 0.6045673076923077 0.31009615384615385 0.08653846153846154 0.18028846153846154
2 0.7944711538461539 0.39783653846153844 0.10336538461538461 0.2091346153846154
6 0.8209134615384616 0.7620192307692307 0.0889423076923077 0.16105769230769232
6 0.609375 0.06850961538461539 0.0625 0.11538461538461539
3 0.6105769230769231 0.14423076923076922 0.07451923076923077 0.13701923076923078
3 0.4411057692307692 0.3954326923076923 0.07932692307692307 0.14903846153846154
4 0.6875 0.16105769230769232 0.052884615384615384 0.10576923076923077
4 0.6923076923076923 0.24639423076923078 0.055288461538461536 0.11057692307692307
4 0.703125 0.42427884615384615 0.057692307692307696 0.125
4 0.6201923076923077 0.5216346153846154 0.06490384615384616 0.11778846153846154
4 0.5228365384615384 0.3076923076923077 0.06009615384615385 0.11057692307692307
4 0.5432692307692307 0.06971153846153846 0.057692307692307696 0.11298076923076923
11 0.36658653846153844 0.29086538461538464 0.08653846153846154 0.1778846153846154
7 0.2548076923076923 0.3701923076923077 0.07692307692307693 0.15865384615384615
12 0.3762019230769231 0.18389423076923078 0.07211538461538461 0.14423076923076922
12 0.14302884615384615 0.5877403846153846 0.0889423076923077 0.16346153846153846
8 0.16346153846153846 0.35096153846153844 0.09615384615384616 0.21394230769230768
12 0.22235576923076922 0.04567307692307692 0.07451923076923077 0.09134615384615384
12 0.22235576923076922 0.7367788461538461 0.0889423076923077 0.15144230769230768
10 0.3004807692307692 0.04807692307692308 0.057692307692307696 0.09615384615384616
10 0.24278846153846154 0.609375 0.06490384615384616 0.12259615384615384
10 0.2980769230769231 0.20793269230769232 0.06490384615384616 0.1201923076923077
10 0.4411057692307692 0.3016826923076923 0.06009615384615385 0.11298076923076923
10 0.421875 0.7463942307692307 0.0673076923076923 0.12980769230769232