5 0.5961538461538461 0.29447115384615385 0.07211538461538461 0.17307692307692307
2 0.7872596153846154 0.36658653846153844 0.08653846153846154 0.20192307692307693
6 0.8401442307692307 0.7247596153846154 0.07692307692307693 0.15384615384615385
6 0.5841346153846154 0.056490384615384616 0.052884615384615384 0.11057692307692307
3 0.5901442307692307 0.12980769230769232 0.0625 0.12980769230769232
3 0.4411057692307692 0.3894230769230769 0.0673076923076923 0.14182692307692307
4 0.6670673076923077 0.14182692307692307 0.04567307692307692 0.10096153846153846
4 0.6778846153846154 0.22596153846153846 0.04807692307692308 0.10576923076923077
4 0.6995192307692307 0.39903846153846156 0.05048076923076923 0.1201923076923077
4 0.625 0.5012019230769231 0.057692307692307696 0.11057692307692307
4 0.515625 0.2980769230769231 0.052884615384615384 0.10576923076923077
4 0.5192307692307693 0.06129807692307692 0.04807692307692308 0.10817307692307693
11 0.3605769230769231 0.29086538461538464 0.07451923076923077 0.17067307692307693
7 0.25600961538461536 0.37740384615384615 0.0673076923076923 0.15144230769230768
12 0.3629807692307692 0.18629807692307693 0.06009615384615385 0.13942307692307693
12 0.1622596153846154 0.5997596153846154 0.07692307692307693 0.15384615384615385
8 0.1658653846153846 0.3641826923076923 0.08173076923076923 0.20673076923076922
12 0.20192307692307693 0.052884615384615384 0.06490384615384616 0.10576923076923077
12 0.24879807692307693 0.7403846153846154 0.07692307692307693 0.14423076923076922
10 0.2800480769230769 0.052884615384615384 0.04807692307692308 0.10096153846153846
10 0.2620192307692308 0.6129807692307693 0.057692307692307696 0.11538461538461539
10 0.28725961538461536 0.21514423076923078 0.057692307692307696 0.11538461538461539
10 0.43509615384615385 0.2980769230769231 0.052884615384615384 0.10817307692307693
10 0.44591346153846156 0.7355769230769231 0.057692307692307696 0.12259615384615384