5 0.4026442307692308 0.2956730769230769 0.07692307692307693 0.18990384615384615
2 0.17668269230769232 0.4951923076923077 0.09375 0.22115384615384615
6 0.13942307692307693 0.7620192307692307 0.0889423076923077 0.15865384615384615
4 0.2956730769230769 0.41586538461538464 0.055288461538461536 0.1201923076923077
4 0.32091346153846156 0.22596153846153846 0.057692307692307696 0.10576923076923077
4 0.33653846153846156 0.13942307692307693 0.052884615384615384 0.10817307692307693
4 0.4891826923076923 0.05889423076923077 0.05048076923076923 0.10576923076923077
4 0.49038461538461536 0.31009615384615385 0.055288461538461536 0.12259615384615384
4 0.3713942307692308 0.5228365384615384 0.06490384615384616 0.12740384615384615
3 0.5685096153846154 0.40865384615384615 0.07211538461538461 0.1466346153846154
12 0.8233173076923077 0.05889423076923077 0.0673076923076923 0.10576923076923077
12 0.7596153846153846 0.7860576923076923 0.07451923076923077 0.14903846153846154
8 0.7536057692307693 0.3858173076923077 0.08413461538461539 0.21394230769230768
9 0.5 0.1346153846153846 0.06009615384615385 0.15384615384615385
9 0.8569711538461539 0.6358173076923077 0.08413461538461539 0.15625
7 0.5637019230769231 0.6310096153846154 0.0673076923076923 0.14903846153846154
11 0.6526442307692307 0.3004807692307692 0.06971153846153846 0.18990384615384615
10 0.5757211538461539 0.3112980769230769 0.055288461538461536 0.11057692307692307
10 0.7403846153846154 0.056490384615384616 0.057692307692307696 0.10576923076923077
10 0.7355769230769231 0.22235576923076922 0.055288461538461536 0.11298076923076923
10 0.7560096153846154 0.6490384615384616 0.06490384615384616 0.12259615384615384
10 0.5552884615384616 0.7752403846153846 0.06971153846153846 0.125