5 0.3798076923076923 0.27403846153846156 0.07692307692307693 0.1875
2 0.15985576923076922 0.4699519230769231 0.09134615384615384 0.21634615384615385
6 0.12379807692307693 0.7295673076923077 0.08653846153846154 0.15625
4 0.2764423076923077 0.3918269230769231 0.055288461538461536 0.11778846153846154
4 0.3016826923076923 0.20673076923076922 0.057692307692307696 0.10336538461538461
4 0.3161057692307692 0.1201923076923077 0.05048076923076923 0.10576923076923077
4 0.46634615384615385 0.04567307692307692 0.04807692307692308 0.09134615384615384
4 0.46634615384615385 0.2860576923076923 0.055288461538461536 0.1201923076923077
4 0.34975961538461536 0.4963942307692308 0.0625 0.125
3 0.5432692307692307 0.38461538461538464 0.06971153846153846 0.14423076923076922
12 0.7932692307692307 0.04927884615384615 0.06490384615384616 0.0889423076923077
12 0.7295673076923077 0.7524038461538461 0.07211538461538461 0.14423076923076922
8 0.7247596153846154 0.36177884615384615 0.08173076923076923 0.2091346153846154
9 0.47716346153846156 0.11658653846153846 0.06009615384615385 0.14903846153846154
9 0.8245192307692307 0.6081730769230769 0.08173076923076923 0.15144230769230768
7 0.5384615384615384 0.6033653846153846 0.0673076923076923 0.14423076923076922
11 0.625 0.27884615384615385 0.06971153846153846 0.18509615384615385
10 0.5504807692307693 0.28966346153846156 0.055288461538461536 0.10817307692307693
10 0.7115384615384616 0.04807692307692308 0.057692307692307696 0.0889423076923077
10 0.7067307692307693 0.203125 0.055288461538461536 0.11057692307692307
10 0.7259615384615384 0.6189903846153846 0.0625 0.1201923076923077
10 0.5300480769230769 0.7427884615384616 0.0673076923076923 0.1201923076923077