5 0.39783653846153844 0.2920673076923077 0.07211538461538461 0.1778846153846154
2 0.19471153846153846 0.48677884615384615 0.08653846153846154 0.20673076923076922
6 0.16706730769230768 0.7379807692307693 0.08413461538461539 0.14903846153846154
4 0.30288461538461536 0.40865384615384615 0.052884615384615384 0.11298076923076923
4 0.31971153846153844 0.23076923076923078 0.055288461538461536 0.10096153846153846
4 0.3317307692307692 0.14783653846153846 0.04807692307692308 0.10096153846153846
4 0.4723557692307692 0.0673076923076923 0.04807692307692308 0.0985576923076923
4 0.4807692307692308 0.3016826923076923 0.052884615384615384 0.11538461538461539
4 0.3762019230769231 0.5060096153846154 0.06009615384615385 0.11778846153846154
3 0.5576923076923077 0.39302884615384615 0.06490384615384616 0.13701923076923078
12 0.7860576923076923 0.052884615384615384 0.0625 0.10576923076923077
12 0.7487980769230769 0.7391826923076923 0.0673076923076923 0.13701923076923078
8 0.7307692307692307 0.36538461538461536 0.07932692307692307 0.19951923076923078
9 0.4855769230769231 0.13822115384615385 0.057692307692307696 0.14423076923076922
9 0.8353365384615384 0.5973557692307693 0.07932692307692307 0.1466346153846154
7 0.5600961538461539 0.6021634615384616 0.0625 0.13942307692307693
11 0.6334134615384616 0.28846153846153844 0.06490384615384616 0.1778846153846154
10 0.5612980769230769 0.3016826923076923 0.052884615384615384 0.10576923076923077
10 0.7079326923076923 0.054086538461538464 0.055288461538461536 0.10817307692307693
10 0.7091346153846154 0.21394230769230768 0.052884615384615384 0.10576923076923077
10 0.7415865384615384 0.6129807692307693 0.06009615384615385 0.11538461538461539
10 0.5564903846153846 0.7367788461538461 0.06490384615384616 0.11538461538461539