5 0.7860576923076923 0.28365384615384615 0.07211538461538461 0.15865384615384615
2 0.7944711538461539 0.35697115384615385 0.07692307692307693 0.19230769230769232
1 0.7668269230769231 0.19831730769230768 0.055288461538461536 0.12740384615384615
1 0.8076923076923077 0.4879807692307692 0.0625 0.1346153846153846
3 0.75 0.11899038461538461 0.057692307692307696 0.11538461538461539
3 0.8317307692307693 0.6033653846153846 0.07692307692307693 0.125
6 0.7451923076923077 0.04927884615384615 0.05048076923076923 0.0985576923076923
6 0.8473557692307693 0.734375 0.07211538461538461 0.12980769230769232
4 0.6586538461538461 0.04567307692307692 0.04326923076923077 0.09134615384615384
4 0.6658653846153846 0.125 0.040865384615384616 0.0985576923076923
4 0.6778846153846154 0.21033653846153846 0.04326923076923077 0.0985576923076923
4 0.6875 0.29447115384615385 0.04326923076923077 0.10096153846153846
4 0.6995192307692307 0.39302884615384615 0.05048076923076923 0.09615384615384616
4 0.7139423076923077 0.4987980769230769 0.04807692307692308 0.10817307692307693
4 0.7271634615384616 0.6105769230769231 0.052884615384615384 0.10576923076923077
4 0.7415865384615384 0.734375 0.055288461538461536 0.10576923076923077
11 0.17668269230769232 0.26322115384615385 0.06490384615384616 0.17307692307692307
8 0.16105769230769232 0.35216346153846156 0.06971153846153846 0.19230769230769232
7 0.14783653846153846 0.4807692307692308 0.057692307692307696 0.13942307692307693
7 0.18028846153846154 0.18870192307692307 0.052884615384615384 0.1346153846153846
9 0.1875 0.109375 0.055288461538461536 0.1201923076923077
9 0.14302884615384615 0.6177884615384616 0.07211538461538461 0.1346153846153846
10 0.2439903846153846 0.7379807692307693 0.057692307692307696 0.10576923076923077
10 0.2512019230769231 0.6117788461538461 0.0625 0.10576923076923077
10 0.2548076923076923 0.5072115384615384 0.052884615384615384 0.10096153846153846
10 0.2668269230769231 0.4014423076923077 0.052884615384615384 0.10576923076923077
10 0.2668269230769231 0.296875 0.052884615384615384 0.10096153846153846
10 0.2764423076923077 0.21033653846153846 0.04326923076923077 0.09615384615384616
10 0.2764423076923077 0.12139423076923077 0.04567307692307692 0.09134615384615384
10 0.2764423076923077 0.04567307692307692 0.04567307692307692 0.09134615384615384
12 0.1971153846153846 0.04326923076923077 0.04807692307692308 0.08653846153846154
12 0.12860576923076922 0.7427884615384616 0.06971153846153846 0.14423076923076922