5 0.8197115384615384 0.29086538461538464 0.08173076923076923 0.1658653846153846
2 0.8245192307692307 0.36778846153846156 0.09134615384615384 0.20192307692307693
1 0.8040865384615384 0.203125 0.06490384615384616 0.1346153846153846
1 0.8305288461538461 0.5024038461538461 0.06971153846153846 0.14182692307692307
3 0.7920673076923077 0.11899038461538461 0.0673076923076923 0.12259615384615384
3 0.8497596153846154 0.6225961538461539 0.08653846153846154 0.1346153846153846
6 0.7896634615384616 0.056490384615384616 0.055288461538461536 0.08653846153846154
6 0.859375 0.7596153846153846 0.08173076923076923 0.13701923076923078
4 0.7007211538461539 0.04807692307692308 0.04807692307692308 0.07932692307692307
4 0.7043269230769231 0.12139423076923077 0.04807692307692308 0.10336538461538461
4 0.7115384615384616 0.21033653846153846 0.05048076923076923 0.10336538461538461
4 0.7175480769230769 0.2980769230769231 0.05048076923076923 0.10576923076923077
4 0.7259615384615384 0.40024038461538464 0.057692307692307696 0.10336538461538461
4 0.7331730769230769 0.5096153846153846 0.055288461538461536 0.11538461538461539
4 0.7415865384615384 0.6262019230769231 0.057692307692307696 0.11298076923076923
4 0.7487980769230769 0.7536057692307693 0.0625 0.11057692307692307
11 0.19230769230769232 0.23677884615384615 0.07692307692307693 0.18269230769230768
8 0.17067307692307693 0.328125 0.08173076923076923 0.20432692307692307
7 0.1502403846153846 0.46153846153846156 0.0673076923076923 0.1466346153846154
7 0.19951923076923078 0.16105769230769232 0.0625 0.14182692307692307
9 0.21153846153846154 0.07932692307692307 0.06490384615384616 0.12740384615384615
9 0.13822115384615385 0.6009615384615384 0.07932692307692307 0.14182692307692307
10 0.23557692307692307 0.7319711538461539 0.06490384615384616 0.11298076923076923
10 0.25 0.6009615384615384 0.07211538461538461 0.11298076923076923
10 0.25961538461538464 0.49399038461538464 0.06009615384615385 0.10817307692307693
10 0.2776442307692308 0.38461538461538464 0.057692307692307696 0.11057692307692307
10 0.28365384615384615 0.2776442307692308 0.06009615384615385 0.10817307692307693
10 0.296875 0.18870192307692307 0.05048076923076923 0.10096153846153846
10 0.30288461538461536 0.09615384615384616 0.052884615384615384 0.09615384615384616
10 0.30528846153846156 0.03245192307692308 0.052884615384615384 0.06490384615384616
12 0.2247596153846154 0.028846153846153848 0.055288461538461536 0.057692307692307696
12 0.11778846153846154 0.7295673076923077 0.07932692307692307 0.15144230769230768