2 0.25600961538461536 0.6045673076923077 0.09134615384615384 0.20673076923076922
6 0.140625 0.7524038461538461 0.07451923076923077 0.1466346153846154
12 0.34615384615384615 0.7307692307692307 0.07211538461538461 0.14423076923076922
9 0.46634615384615385 0.1141826923076923 0.055288461538461536 0.14423076923076922
5 0.3786057692307692 0.28365384615384615 0.07451923076923077 0.18509615384615385
4 0.2956730769230769 0.21875 0.04807692307692308 0.10817307692307693
4 0.2764423076923077 0.40384615384615385 0.057692307692307696 0.11057692307692307
4 0.3581730769230769 0.5048076923076923 0.055288461538461536 0.11298076923076923
4 0.46153846153846156 0.28966346153846156 0.052884615384615384 0.11298076923076923
3 0.5444711538461539 0.38341346153846156 0.0673076923076923 0.14182692307692307
10 0.546875 0.2848557692307692 0.052884615384615384 0.10576923076923077
11 0.625 0.27283653846153844 0.07451923076923077 0.18028846153846154
8 0.7247596153846154 0.3449519230769231 0.07692307692307693 0.20432692307692307
12 0.7728365384615384 0.038461538461538464 0.06490384615384616 0.07692307692307693
10 0.6959134615384616 0.036057692307692304 0.05048076923076923 0.07211538461538461
10 0.6983173076923077 0.1875 0.055288461538461536 0.10817307692307693
10 0.7391826923076923 0.6009615384615384 0.0625 0.11778846153846154