6 0.6742788461538461 0.7692307692307693 0.08413461538461539 0.1466346153846154
6 0.8822115384615384 0.7644230769230769 0.0889423076923077 0.14903846153846154
2 0.7427884615384616 0.6286057692307693 0.10576923076923077 0.21394230769230768
5 0.5901442307692307 0.31850961538461536 0.07451923076923077 0.18269230769230768
4 0.6706730769230769 0.24278846153846154 0.057692307692307696 0.1201923076923077
4 0.6370192307692307 0.5456730769230769 0.06490384615384616 0.12740384615384615
4 0.5072115384615384 0.33774038461538464 0.057692307692307696 0.11298076923076923
3 0.27403846153846156 0.5625 0.08413461538461539 0.15144230769230768
8 0.25721153846153844 0.43149038461538464 0.08653846153846154 0.2091346153846154
10 0.27163461538461536 0.6959134615384616 0.0673076923076923 0.11778846153846154
12 0.15985576923076922 0.27283653846153844 0.07451923076923077 0.125
10 0.2439903846153846 0.10096153846153846 0.057692307692307696 0.10817307692307693
10 0.33653846153846156 0.18870192307692307 0.06009615384615385 0.11298076923076923
10 0.4266826923076923 0.34975961538461536 0.057692307692307696 0.11538461538461539