3 0.578125 0.3942307692307692 0.07211538461538461 0.14423076923076922
4 0.5168269230769231 0.051682692307692304 0.052884615384615384 0.10336538461538461
6 0.14903846153846154 0.7259615384615384 0.09375 0.15144230769230768
2 0.19951923076923078 0.4699519230769231 0.10096153846153846 0.21153846153846154
5 0.421875 0.2800480769230769 0.07692307692307693 0.19230769230769232
4 0.3137019230769231 0.39302884615384615 0.057692307692307696 0.11298076923076923
4 0.3449519230769231 0.21153846153846154 0.052884615384615384 0.11057692307692307
4 0.5084134615384616 0.2980769230769231 0.057692307692307696 0.11057692307692307
4 0.3858173076923077 0.5 0.06009615384615385 0.11538461538461539
12 0.3557692307692308 0.71875 0.08413461538461539 0.15144230769230768
12 0.8377403846153846 0.06850961538461539 0.0673076923076923 0.10576923076923077
11 0.6670673076923077 0.29447115384615385 0.06971153846153846 0.18509615384615385
8 0.7584134615384616 0.38100961538461536 0.08653846153846154 0.20673076923076922
7 0.5697115384615384 0.6081730769230769 0.07211538461538461 0.15144230769230768
9 0.5252403846153846 0.12259615384615384 0.0625 0.14182692307692307
9 0.6610576923076923 0.5036057692307693 0.07451923076923077 0.14903846153846154
10 0.5913461538461539 0.2980769230769231 0.055288461538461536 0.11057692307692307
10 0.7608173076923077 0.06009615384615385 0.055288461538461536 0.09615384615384616
10 0.75 0.21875 0.052884615384615384 0.11538461538461539
10 0.7548076923076923 0.6298076923076923 0.0673076923076923 0.125