3 0.5805288461538461 0.3762019230769231 0.07211538461538461 0.14423076923076922
4 0.5120192307692307 0.039663461538461536 0.052884615384615384 0.07932692307692307
6 0.14783653846153846 0.7223557692307693 0.09375 0.15384615384615385
2 0.19471153846153846 0.45913461538461536 0.10096153846153846 0.21634615384615385
5 0.41947115384615385 0.2620192307692308 0.07451923076923077 0.19471153846153846
4 0.3112980769230769 0.37740384615384615 0.057692307692307696 0.11298076923076923
4 0.3401442307692308 0.19230769230769232 0.05048076923076923 0.11298076923076923
4 0.5060096153846154 0.2776442307692308 0.057692307692307696 0.11057692307692307
4 0.3858173076923077 0.48677884615384615 0.06009615384615385 0.11778846153846154
12 0.3605769230769231 0.7103365384615384 0.08413461538461539 0.15384615384615385
12 0.8389423076923077 0.051682692307692304 0.06490384615384616 0.08173076923076923
11 0.6706730769230769 0.27283653846153844 0.06971153846153846 0.1875
8 0.765625 0.359375 0.08413461538461539 0.21153846153846154
7 0.5757211538461539 0.59375 0.06971153846153846 0.15384615384615385
9 0.5228365384615384 0.0985576923076923 0.0625 0.14182692307692307
9 0.6670673076923077 0.48677884615384615 0.07451923076923077 0.15144230769230768
10 0.5925480769230769 0.2764423076923077 0.055288461538461536 0.11298076923076923
10 0.7608173076923077 0.04326923076923077 0.052884615384615384 0.07211538461538461
10 0.7524038461538461 0.19230769230769232 0.052884615384615384 0.11778846153846154
10 0.765625 0.6129807692307693 0.06490384615384616 0.125