2 0.18509615384615385 0.2848557692307692 0.09375 0.22355769230769232
1 0.35697115384615385 0.13221153846153846 0.0673076923076923 0.15144230769230768
6 0.3858173076923077 0.05889423076923077 0.0625 0.11298076923076923
6 0.45913461538461536 0.1346153846153846 0.06490384615384616 0.13701923076923078
4 0.27403846153846156 0.328125 0.055288461538461536 0.1201923076923077
4 0.23076923076923078 0.796875 0.06971153846153846 0.12740384615384615
4 0.3629807692307692 0.5300480769230769 0.0625 0.13221153846153846
4 0.4362980769230769 0.6610576923076923 0.06971153846153846 0.13701923076923078
4 0.5504807692307693 0.14423076923076922 0.055288461538461536 0.11298076923076923
3 0.5276442307692307 0.22235576923076922 0.07451923076923077 0.1466346153846154
3 0.7475961538461539 0.6262019230769231 0.09134615384615384 0.16105769230769232
8 0.8257211538461539 0.37740384615384615 0.09375 0.21875
7 0.7944711538461539 0.109375 0.08173076923076923 0.15384615384615385
7 0.6237980769230769 0.4026442307692308 0.07692307692307693 0.16105769230769232
12 0.7788461538461539 0.0625 0.07211538461538461 0.125
11 0.6262019230769231 0.11177884615384616 0.08173076923076923 0.19471153846153846
9 0.7644230769230769 0.7824519230769231 0.0889423076923077 0.1778846153846154
10 0.6995192307692307 0.125 0.06009615384615385 0.12259615384615384
10 0.7235576923076923 0.3076923076923077 0.06490384615384616 0.11057692307692307
10 0.7271634615384616 0.4110576923076923 0.07451923076923077 0.125
10 0.6298076923076923 0.5540865384615384 0.06971153846153846 0.1346153846153846