9 0.4483173076923077 0.6466346153846154 0.07451923076923077 0.16346153846153846
8 0.171875 0.2920673076923077 0.08413461538461539 0.2091346153846154
11 0.35697115384615385 0.14182692307692307 0.06971153846153846 0.18028846153846154
7 0.4411057692307692 0.43028846153846156 0.07211538461538461 0.14423076923076922
12 0.4362980769230769 0.15625 0.06490384615384616 0.12740384615384615
10 0.44591346153846156 0.3245192307692308 0.057692307692307696 0.10817307692307693
10 0.2860576923076923 0.1622596153846154 0.06971153846153846 0.11778846153846154
10 0.265625 0.33052884615384615 0.057692307692307696 0.11298076923076923
10 0.35096153846153844 0.5588942307692307 0.057692307692307696 0.12740384615384615
6 0.2848557692307692 0.0673076923076923 0.0673076923076923 0.13221153846153846
3 0.24158653846153846 0.6370192307692307 0.08413461538461539 0.16346153846153846
1 0.5180288461538461 0.234375 0.055288461538461536 0.1466346153846154
2 0.7764423076923077 0.31009615384615385 0.0889423076923077 0.20432692307692307
4 0.6911057692307693 0.3473557692307692 0.052884615384615384 0.11538461538461539
4 0.5360576923076923 0.6646634615384616 0.057692307692307696 0.125
4 0.6069711538461539 0.5432692307692307 0.057692307692307696 0.1201923076923077