9 0.4495192307692308 0.6634615384615384 0.08653846153846154 0.17307692307692307
8 0.11778846153846154 0.33052884615384615 0.10096153846153846 0.22115384615384615
11 0.29086538461538464 0.14903846153846154 0.08173076923076923 0.19230769230769232
7 0.41346153846153844 0.43990384615384615 0.08413461538461539 0.15625
12 0.375 0.15625 0.07451923076923077 0.13701923076923078
10 0.40625 0.3293269230769231 0.06490384615384616 0.11538461538461539
10 0.21875 0.18028846153846154 0.07692307692307693 0.125
10 0.21875 0.359375 0.06490384615384616 0.1201923076923077
10 0.33774038461538464 0.5853365384615384 0.0673076923076923 0.13701923076923078
6 0.20552884615384615 0.08653846153846154 0.07451923076923077 0.12980769230769232
3 0.23317307692307693 0.6802884615384616 0.09615384615384616 0.17548076923076922
1 0.4699519230769231 0.22596153846153846 0.06490384615384616 0.15625
2 0.7475961538461539 0.27163461538461536 0.10576923076923077 0.21634615384615385
4 0.6634615384615384 0.32211538461538464 0.0625 0.12259615384615384
4 0.5444711538461539 0.671875 0.0673076923076923 0.1346153846153846
4 0.6021634615384616 0.5360576923076923 0.06490384615384616 0.12740384615384615