9 0.5384615384615384 0.6454326923076923 0.07211538461538461 0.16346153846153846
8 0.8377403846153846 0.3016826923076923 0.08413461538461539 0.21153846153846154
11 0.65625 0.13701923076923078 0.0673076923076923 0.18269230769230768
7 0.5576923076923077 0.4266826923076923 0.07211538461538461 0.1466346153846154
12 0.5757211538461539 0.14903846153846154 0.0625 0.12740384615384615
10 0.5576923076923077 0.31971153846153844 0.057692307692307696 0.10817307692307693
10 0.7295673076923077 0.1622596153846154 0.0673076923076923 0.11778846153846154
10 0.7391826923076923 0.33413461538461536 0.055288461538461536 0.11298076923076923
10 0.640625 0.5612980769230769 0.057692307692307696 0.12740384615384615
6 0.734375 0.0673076923076923 0.06490384615384616 0.12740384615384615
3 0.7475961538461539 0.6478365384615384 0.08173076923076923 0.1658653846153846
1 0.4891826923076923 0.2247596153846154 0.052884615384615384 0.14903846153846154
2 0.22235576923076922 0.2860576923076923 0.08653846153846154 0.20432692307692307
4 0.3076923076923077 0.3293269230769231 0.052884615384615384 0.11538461538461539
4 0.4483173076923077 0.6586538461538461 0.055288461538461536 0.12740384615384615
4 0.38341346153846156 0.53125 0.055288461538461536 0.1201923076923077