5 0.8269230769230769 0.39903846153846156 0.09134615384615384 0.18990384615384615
2 0.796875 0.2932692307692308 0.09134615384615384 0.19471153846153846
3 0.7872596153846154 0.23197115384615385 0.07932692307692307 0.13221153846153846
3 0.8605769230769231 0.5408653846153846 0.0889423076923077 0.13221153846153846
1 0.7584134615384616 0.13942307692307693 0.06490384615384616 0.14423076923076922
1 0.8774038461538461 0.6586538461538461 0.07692307692307693 0.14423076923076922
6 0.7295673076923077 0.06490384615384616 0.06490384615384616 0.12980769230769232
6 0.9134615384615384 0.7956730769230769 0.0889423076923077 0.14182692307692307
4 0.8040865384615384 0.8040865384615384 0.06971153846153846 0.12259615384615384
4 0.7716346153846154 0.6574519230769231 0.07451923076923077 0.12259615384615384
4 0.7355769230769231 0.5492788461538461 0.06490384615384616 0.11298076923076923
4 0.7247596153846154 0.43149038461538464 0.0625 0.10817307692307693
4 0.7091346153846154 0.34375 0.057692307692307696 0.10576923076923077
4 0.6959134615384616 0.2620192307692308 0.055288461538461536 0.10817307692307693
4 0.6706730769230769 0.16706730769230768 0.05048076923076923 0.10336538461538461
4 0.6586538461538461 0.07932692307692307 0.05048076923076923 0.10817307692307693
11 0.17307692307692307 0.359375 0.07932692307692307 0.18509615384615385
8 0.1622596153846154 0.44591346153846156 0.09134615384615384 0.21153846153846154
9 0.16105769230769232 0.27403846153846156 0.07451923076923077 0.125
9 0.171875 0.5913461538461539 0.07932692307692307 0.14423076923076922
7 0.16947115384615385 0.17427884615384615 0.0673076923076923 0.1466346153846154
7 0.1622596153846154 0.71875 0.08173076923076923 0.15144230769230768
12 0.17668269230769232 0.10817307692307693 0.06490384615384616 0.12980769230769232
12 0.16105769230769232 0.8677884615384616 0.08413461538461539 0.14903846153846154
10 0.25 0.10697115384615384 0.052884615384615384 0.10576923076923077
10 0.2620192307692308 0.18990384615384615 0.055288461538461536 0.10817307692307693
10 0.2548076923076923 0.2800480769230769 0.055288461538461536 0.11057692307692307
10 0.26322115384615385 0.36538461538461536 0.06009615384615385 0.10576923076923077
10 0.2692307692307692 0.47115384615384615 0.0625 0.11298076923076923
10 0.2692307692307692 0.5901442307692307 0.0625 0.11538461538461539
10 0.2692307692307692 0.7175480769230769 0.06490384615384616 0.1201923076923077
10 0.27283653846153844 0.859375 0.07451923076923077 0.11778846153846154