7 0.5913461538461539 0.4014423076923077 0.08173076923076923 0.15384615384615385
12 0.6033653846153846 0.30408653846153844 0.0673076923076923 0.14182692307692307
9 0.5733173076923077 0.6322115384615384 0.08173076923076923 0.17067307692307693
8 0.8894230769230769 0.2764423076923077 0.09615384615384616 0.2283653846153846
11 0.7067307692307693 0.10096153846153846 0.07932692307692307 0.18990384615384615
10 0.7800480769230769 0.12379807692307693 0.0625 0.1201923076923077
10 0.7896634615384616 0.3076923076923077 0.06490384615384616 0.11778846153846154
10 0.6790865384615384 0.5456730769230769 0.06009615384615385 0.12740384615384615
6 0.7836538461538461 0.05048076923076923 0.052884615384615384 0.08173076923076923
3 0.6911057692307693 0.39302884615384615 0.07211538461538461 0.1658653846153846
2 0.24519230769230768 0.24519230769230768 0.10096153846153846 0.21634615384615385
4 0.6033653846153846 0.5168269230769231 0.0625 0.11778846153846154
4 0.4387019230769231 0.3004807692307692 0.0625 0.12259615384615384
4 0.47596153846153844 0.6430288461538461 0.0673076923076923 0.12980769230769232