6 0.15625 0.7908653846153846 0.08653846153846154 0.14423076923076922
2 0.2620192307692308 0.6358173076923077 0.10096153846153846 0.21634615384615385
5 0.36538461538461536 0.3112980769230769 0.07451923076923077 0.17548076923076922
4 0.27884615384615385 0.24759615384615385 0.057692307692307696 0.11057692307692307
4 0.27283653846153844 0.43149038461538464 0.06009615384615385 0.11057692307692307
4 0.3581730769230769 0.5276442307692307 0.06490384615384616 0.11298076923076923
4 0.4519230769230769 0.3076923076923077 0.06009615384615385 0.10817307692307693
3 0.5372596153846154 0.3942307692307692 0.0673076923076923 0.14423076923076922
7 0.5552884615384616 0.6105769230769231 0.07211538461538461 0.15144230769230768
11 0.6117788461538461 0.28125 0.07932692307692307 0.18269230769230768
8 0.7115384615384616 0.35096153846153844 0.0889423076923077 0.20432692307692307
9 0.6322115384615384 0.48677884615384615 0.07211538461538461 0.15144230769230768
10 0.5336538461538461 0.3016826923076923 0.055288461538461536 0.10817307692307693
10 0.6790865384615384 0.19471153846153846 0.055288461538461536 0.11057692307692307
10 0.7391826923076923 0.6033653846153846 0.06490384615384616 0.1201923076923077
10 0.6670673076923077 0.04326923076923077 0.055288461538461536 0.08653846153846154
12 0.7463942307692307 0.040865384615384616 0.06490384615384616 0.08173076923076923
12 0.3545673076923077 0.7536057692307693 0.08173076923076923 0.15625