8 0.8353365384615384 0.30288461538461536 0.0889423076923077 0.21875
10 0.7259615384615384 0.16826923076923078 0.0625 0.11057692307692307
10 0.7379807692307693 0.34375 0.06490384615384616 0.1201923076923077
12 0.5564903846153846 0.3329326923076923 0.06490384615384616 0.14182692307692307
7 0.5480769230769231 0.4375 0.06971153846153846 0.15384615384615385
10 0.6346153846153846 0.5697115384615384 0.06971153846153846 0.12259615384615384
11 0.21033653846153846 0.3088942307692308 0.08173076923076923 0.18990384615384615
2 0.2920673076923077 0.3016826923076923 0.0889423076923077 0.21153846153846154
6 0.7331730769230769 0.06610576923076923 0.06490384615384616 0.125
4 0.6478365384615384 0.44711538461538464 0.06009615384615385 0.12259615384615384
4 0.4411057692307692 0.671875 0.0673076923076923 0.12259615384615384
4 0.39903846153846156 0.3401442307692308 0.055288461538461536 0.12259615384615384