8 0.15865384615384615 0.30528846153846156 0.09134615384615384 0.21875
10 0.265625 0.17067307692307693 0.06490384615384616 0.11057692307692307
10 0.25600961538461536 0.3449519230769231 0.0673076923076923 0.1201923076923077
12 0.43509615384615385 0.3293269230769231 0.0673076923076923 0.14182692307692307
7 0.44711538461538464 0.4338942307692308 0.07211538461538461 0.15384615384615385
10 0.3629807692307692 0.5661057692307693 0.06971153846153846 0.12259615384615384
11 0.7788461538461539 0.3004807692307692 0.08413461538461539 0.1875
2 0.6971153846153846 0.29447115384615385 0.09134615384615384 0.2091346153846154
6 0.25721153846153844 0.07091346153846154 0.0673076923076923 0.125
4 0.3473557692307692 0.44350961538461536 0.06009615384615385 0.12259615384615384
4 0.5552884615384616 0.6634615384615384 0.06971153846153846 0.12259615384615384
4 0.5913461538461539 0.3329326923076923 0.057692307692307696 0.12259615384615384