2 0.7524038461538461 0.24879807692307693 0.10336538461538461 0.2283653846153846
1 0.5612980769230769 0.11057692307692307 0.0625 0.15384615384615385
6 0.5264423076923077 0.05048076923076923 0.07211538461538461 0.10096153846153846
6 0.5 0.41346153846153844 0.08653846153846154 0.17067307692307693
4 0.6634615384615384 0.2980769230769231 0.06971153846153846 0.12740384615384615
4 0.7596153846153846 0.7560096153846154 0.07451923076923077 0.1346153846153846
4 0.5420673076923077 0.6550480769230769 0.07692307692307693 0.13701923076923078
4 0.5985576923076923 0.5096153846153846 0.0673076923076923 0.13942307692307693
4 0.36899038461538464 0.14903846153846154 0.0625 0.11538461538461539
4 0.4495192307692308 0.13822115384615385 0.0673076923076923 0.11778846153846154
3 0.5721153846153846 0.2980769230769231 0.08173076923076923 0.1658653846153846
3 0.4423076923076923 0.7776442307692307 0.08653846153846154 0.18028846153846154
11 0.2932692307692308 0.11658653846153846 0.08413461538461539 0.1971153846153846
9 0.22355769230769232 0.8076923076923077 0.10336538461538461 0.1778846153846154
12 0.13341346153846154 0.07932692307692307 0.07451923076923077 0.11538461538461539
7 0.3245192307692308 0.41586538461538464 0.08413461538461539 0.16826923076923078
7 0.12740384615384615 0.1346153846153846 0.07932692307692307 0.17548076923076922
8 0.1141826923076923 0.4098557692307692 0.11298076923076923 0.22596153846153846
10 0.3581730769230769 0.056490384615384616 0.06971153846153846 0.10096153846153846
10 0.21875 0.14423076923076922 0.0673076923076923 0.125
10 0.21394230769230768 0.3245192307692308 0.06009615384615385 0.12259615384615384
10 0.22355769230769232 0.4326923076923077 0.07211538461538461 0.12980769230769232
10 0.33413461538461536 0.5552884615384616 0.07932692307692307 0.13701923076923078