2 0.16706730769230768 0.3269230769230769 0.10817307692307693 0.23076923076923078
1 0.33653846153846156 0.15865384615384615 0.0673076923076923 0.15625
6 0.3581730769230769 0.07692307692307693 0.07932692307692307 0.13701923076923078
6 0.44471153846153844 0.4519230769230769 0.0889423076923077 0.17307692307692307
4 0.2644230769230769 0.3629807692307692 0.07211538461538461 0.12980769230769232
4 0.23918269230769232 0.8353365384615384 0.07692307692307693 0.13701923076923078
4 0.4411057692307692 0.6995192307692307 0.07932692307692307 0.13942307692307693
4 0.36177884615384615 0.5637019230769231 0.07211538461538461 0.13942307692307693
4 0.5336538461538461 0.16706730769230768 0.06490384615384616 0.11778846153846154
4 0.4519230769230769 0.16826923076923078 0.06971153846153846 0.1201923076923077
3 0.3545673076923077 0.3485576923076923 0.08413461538461539 0.16826923076923078
3 0.5600961538461539 0.8064903846153846 0.09134615384615384 0.18269230769230768
11 0.6045673076923077 0.12259615384615384 0.08653846153846154 0.19951923076923078
9 0.7836538461538461 0.8004807692307693 0.10817307692307693 0.18269230769230768
12 0.7584134615384616 0.05889423076923077 0.07932692307692307 0.11778846153846154
7 0.6213942307692307 0.4266826923076923 0.08653846153846154 0.17067307692307693
7 0.7728365384615384 0.1141826923076923 0.08413461538461539 0.1778846153846154
8 0.8293269230769231 0.3870192307692308 0.11778846153846154 0.2283653846153846
10 0.5276442307692307 0.06370192307692307 0.07211538461538461 0.125
10 0.6838942307692307 0.13701923076923078 0.06971153846153846 0.12740384615384615
10 0.7163461538461539 0.31850961538461536 0.0625 0.125
10 0.7247596153846154 0.4266826923076923 0.07451923076923077 0.13221153846153846
10 0.6334134615384616 0.5673076923076923 0.08173076923076923 0.13942307692307693