11 0.2860576923076923 0.11177884615384616 0.08653846153846154 0.19951923076923078
8 0.10697115384615384 0.39783653846153844 0.10336538461538461 0.23798076923076922
12 0.12740384615384615 0.07211538461538461 0.07211538461538461 0.10817307692307693
7 0.11778846153846154 0.1201923076923077 0.07451923076923077 0.16346153846153846
7 0.31009615384615385 0.4074519230769231 0.08413461538461539 0.1658653846153846
9 0.20432692307692307 0.7956730769230769 0.10336538461538461 0.19230769230769232
10 0.3557692307692308 0.055288461538461536 0.057692307692307696 0.0985576923076923
10 0.21153846153846154 0.13221153846153846 0.0673076923076923 0.13221153846153846
10 0.20673076923076922 0.32211538461538464 0.0673076923076923 0.13221153846153846
10 0.21033653846153846 0.4230769230769231 0.07692307692307693 0.13221153846153846
10 0.3233173076923077 0.5516826923076923 0.06490384615384616 0.1346153846153846
2 0.7439903846153846 0.24759615384615385 0.0985576923076923 0.21634615384615385
1 0.5516826923076923 0.10817307692307693 0.06009615384615385 0.15865384615384615
3 0.4206730769230769 0.7704326923076923 0.0889423076923077 0.18269230769230768
3 0.38822115384615385 0.21153846153846154 0.08653846153846154 0.1466346153846154
6 0.5180288461538461 0.04807692307692308 0.06971153846153846 0.09615384615384616
6 0.49038461538461536 0.4074519230769231 0.07692307692307693 0.1466346153846154
4 0.7439903846153846 0.7620192307692307 0.07211538461538461 0.13221153846153846
4 0.3629807692307692 0.14302884615384615 0.0625 0.11538461538461539
4 0.4423076923076923 0.12980769230769232 0.06009615384615385 0.11298076923076923
4 0.6550480769230769 0.2980769230769231 0.057692307692307696 0.1201923076923077
4 0.5865384615384616 0.5120192307692307 0.06490384615384616 0.13221153846153846
4 0.5216346153846154 0.6466346153846154 0.07211538461538461 0.12740384615384615