11 0.6237980769230769 0.125 0.08173076923076923 0.19951923076923078
8 0.828125 0.39663461538461536 0.0985576923076923 0.23798076923076922
12 0.7788461538461539 0.0625 0.07211538461538461 0.125
7 0.7932692307692307 0.11899038461538461 0.07451923076923077 0.16346153846153846
7 0.6262019230769231 0.4254807692307692 0.08173076923076923 0.1658653846153846
9 0.765625 0.8040865384615384 0.10096153846153846 0.19230769230769232
10 0.5480769230769231 0.06370192307692307 0.055288461538461536 0.12259615384615384
10 0.7019230769230769 0.140625 0.0673076923076923 0.12980769230769232
10 0.7223557692307693 0.3293269230769231 0.06490384615384616 0.13221153846153846
10 0.7271634615384616 0.43149038461538464 0.07451923076923077 0.13221153846153846
10 0.625 0.5697115384615384 0.06490384615384616 0.1346153846153846
2 0.17668269230769232 0.30288461538461536 0.09615384615384616 0.21634615384615385
1 0.35697115384615385 0.14543269230769232 0.06009615384615385 0.15865384615384615
3 0.546875 0.7980769230769231 0.08653846153846154 0.18269230769230768
3 0.5288461538461539 0.234375 0.08413461538461539 0.1466346153846154
6 0.38341346153846156 0.0673076923076923 0.0673076923076923 0.12980769230769232
6 0.44471153846153844 0.4423076923076923 0.07451923076923077 0.1466346153846154
4 0.22355769230769232 0.8173076923076923 0.06971153846153846 0.13221153846153846
4 0.5492788461538461 0.16346153846153846 0.06009615384615385 0.11298076923076923
4 0.46875 0.15865384615384615 0.06009615384615385 0.11298076923076923
4 0.2692307692307692 0.34615384615384615 0.055288461538461536 0.1201923076923077
4 0.3581730769230769 0.5528846153846154 0.06490384615384616 0.13221153846153846
4 0.4338942307692308 0.6838942307692307 0.06971153846153846 0.12740384615384615