6 0.3954326923076923 0.07091346153846154 0.052884615384615384 0.11538461538461539
6 0.16826923076923078 0.7475961538461539 0.07932692307692307 0.14903846153846154
2 0.20432692307692307 0.3786057692307692 0.08173076923076923 0.20432692307692307
5 0.3942307692307692 0.3004807692307692 0.07211538461538461 0.18269230769230768
4 0.2980769230769231 0.41225961538461536 0.057692307692307696 0.11298076923076923
4 0.3137019230769231 0.23317307692307693 0.05048076923076923 0.10576923076923077
4 0.32572115384615385 0.14783653846153846 0.04807692307692308 0.0985576923076923
4 0.46634615384615385 0.06490384615384616 0.05048076923076923 0.10817307692307693
4 0.3762019230769231 0.5132211538461539 0.05048076923076923 0.11057692307692307
4 0.47596153846153844 0.30528846153846156 0.05048076923076923 0.10576923076923077
3 0.39903846153846156 0.13581730769230768 0.04807692307692308 0.13221153846153846
3 0.5540865384615384 0.39302884615384615 0.07451923076923077 0.14423076923076922
7 0.5625 0.6021634615384616 0.07211538461538461 0.1466346153846154
8 0.8245192307692307 0.3545673076923077 0.08653846153846154 0.20673076923076922
11 0.6286057692307693 0.2920673076923077 0.06971153846153846 0.17307692307692307
9 0.625 0.19110576923076922 0.06009615384615385 0.13701923076923078
9 0.8425480769230769 0.5913461538461539 0.0889423076923077 0.15865384615384615
12 0.7572115384615384 0.7367788461538461 0.07692307692307693 0.14182692307692307
12 0.7788461538461539 0.05048076923076923 0.0625 0.10096153846153846
10 0.7415865384615384 0.6081730769230769 0.055288461538461536 0.11538461538461539
10 0.7019230769230769 0.052884615384615384 0.055288461538461536 0.10096153846153846
10 0.703125 0.21033653846153846 0.0625 0.10817307692307693
10 0.5576923076923077 0.2956730769230769 0.055288461538461536 0.11057692307692307
10 0.5637019230769231 0.7391826923076923 0.0673076923076923 0.125