6 0.5444711538461539 0.054086538461538464 0.06009615384615385 0.10817307692307693
6 0.8569711538461539 0.7019230769230769 0.0889423076923077 0.15384615384615385
2 0.7752403846153846 0.33533653846153844 0.09375 0.2091346153846154
5 0.5733173076923077 0.2800480769230769 0.08173076923076923 0.18990384615384615
4 0.6850961538461539 0.3798076923076923 0.06490384615384616 0.11778846153846154
4 0.6466346153846154 0.20192307692307693 0.055288461538461536 0.10817307692307693
4 0.625 0.11778846153846154 0.055288461538461536 0.10096153846153846
4 0.4723557692307692 0.054086538461538464 0.055288461538461536 0.10817307692307693
4 0.6189903846153846 0.49038461538461536 0.055288461538461536 0.11538461538461539
4 0.49158653846153844 0.29447115384615385 0.057692307692307696 0.10817307692307693
3 0.5480769230769231 0.1141826923076923 0.055288461538461536 0.1346153846153846
3 0.42427884615384615 0.39302884615384615 0.08173076923076923 0.14903846153846154
7 0.43990384615384615 0.6057692307692307 0.08173076923076923 0.15144230769230768
8 0.1466346153846154 0.3858173076923077 0.0985576923076923 0.21394230769230768
11 0.33653846153846156 0.3004807692307692 0.08173076923076923 0.18028846153846154
9 0.328125 0.19831730769230768 0.0673076923076923 0.14182692307692307
9 0.15745192307692307 0.6286057692307693 0.0985576923076923 0.16346153846153846
12 0.2608173076923077 0.7644230769230769 0.08413461538461539 0.1466346153846154
12 0.15384615384615385 0.078125 0.0673076923076923 0.10336538461538461
10 0.2608173076923077 0.6322115384615384 0.0625 0.11778846153846154
10 0.23317307692307693 0.07091346153846154 0.06009615384615385 0.10096153846153846
10 0.25 0.22716346153846154 0.0673076923076923 0.11298076923076923
10 0.40865384615384615 0.2956730769230769 0.06009615384615385 0.11538461538461539
10 0.4567307692307692 0.7427884615384616 0.07451923076923077 0.12980769230769232