6 0.5576923076923077 0.04807692307692308 0.057692307692307696 0.09615384615384616
6 0.8677884615384616 0.7139423076923077 0.0889423076923077 0.15865384615384615
2 0.7908653846153846 0.33413461538461536 0.09375 0.21634615384615385
5 0.5841346153846154 0.27403846153846156 0.08173076923076923 0.19471153846153846
4 0.6959134615384616 0.3786057692307692 0.0625 0.1201923076923077
4 0.6610576923076923 0.19471153846153846 0.057692307692307696 0.11057692307692307
4 0.6394230769230769 0.10697115384615384 0.052884615384615384 0.10336538461538461
4 0.484375 0.04567307692307692 0.055288461538461536 0.09134615384615384
4 0.6262019230769231 0.49278846153846156 0.055288461538461536 0.11778846153846154
4 0.5 0.28846153846153844 0.057692307692307696 0.11057692307692307
3 0.5600961538461539 0.10336538461538461 0.055288461538461536 0.13942307692307693
3 0.42788461538461536 0.38822115384615385 0.08173076923076923 0.15144230769230768
7 0.4411057692307692 0.6081730769230769 0.07932692307692307 0.15625
8 0.140625 0.3762019230769231 0.0985576923076923 0.21875
11 0.3389423076923077 0.29086538461538464 0.08173076923076923 0.18509615384615385
9 0.33052884615384615 0.18509615384615385 0.0673076923076923 0.1466346153846154
9 0.14903846153846154 0.6274038461538461 0.0985576923076923 0.16826923076923078
12 0.2536057692307692 0.7680288461538461 0.08653846153846154 0.14903846153846154
12 0.15384615384615385 0.06490384615384616 0.0673076923076923 0.0889423076923077
10 0.2548076923076923 0.6322115384615384 0.0625 0.1201923076923077
10 0.23677884615384615 0.05889423076923077 0.06009615384615385 0.08653846153846154
10 0.25240384615384615 0.21394230769230768 0.06971153846153846 0.11538461538461539
10 0.41225961538461536 0.28725961538461536 0.06009615384615385 0.11778846153846154
10 0.45552884615384615 0.75 0.07451923076923077 0.1346153846153846