1 0.7223557692307693 0.6430288461538461 0.07211538461538461 0.15865384615384615
6 0.6237980769230769 0.06490384615384616 0.06490384615384616 0.1201923076923077
6 0.8509615384615384 0.7764423076923077 0.07692307692307693 0.14423076923076922
2 0.8209134615384616 0.3918269230769231 0.09375 0.21153846153846154
5 0.6237980769230769 0.29927884615384615 0.06971153846153846 0.1778846153846154
1 0.5372596153846154 0.515625 0.0625 0.1466346153846154
4 0.7091346153846154 0.2403846153846154 0.052884615384615384 0.10336538461538461
4 0.7019230769230769 0.15264423076923078 0.04807692307692308 0.10096153846153846
4 0.7223557692307693 0.4254807692307692 0.055288461538461536 0.11778846153846154
4 0.7271634615384616 0.5348557692307693 0.057692307692307696 0.11057692307692307
4 0.6466346153846154 0.7824519230769231 0.0625 0.125
4 0.625 0.6442307692307693 0.06009615384615385 0.11057692307692307
4 0.5348557692307693 0.3076923076923077 0.052884615384615384 0.10576923076923077
4 0.5528846153846154 0.06490384615384616 0.04807692307692308 0.11057692307692307
3 0.6213942307692307 0.13221153846153846 0.06490384615384616 0.13942307692307693
3 0.45072115384615385 0.4050480769230769 0.07692307692307693 0.14423076923076922
11 0.19230769230769232 0.2644230769230769 0.08173076923076923 0.1875
8 0.17067307692307693 0.3545673076923077 0.08653846153846154 0.2091346153846154
12 0.23557692307692307 0.7524038461538461 0.07451923076923077 0.14903846153846154
12 0.22355769230769232 0.04326923076923077 0.0673076923076923 0.08653846153846154
7 0.3870192307692308 0.051682692307692304 0.052884615384615384 0.10336538461538461
7 0.14783653846153846 0.4831730769230769 0.07451923076923077 0.1466346153846154
9 0.38221153846153844 0.19230769230769232 0.06490384615384616 0.14903846153846154
9 0.15144230769230768 0.6081730769230769 0.07932692307692307 0.15384615384615385
10 0.4519230769230769 0.30528846153846156 0.05048076923076923 0.11057692307692307
10 0.4543269230769231 0.13221153846153846 0.055288461538461536 0.11298076923076923
10 0.30649038461538464 0.046875 0.055288461538461536 0.09375
10 0.29447115384615385 0.2127403846153846 0.055288461538461536 0.10817307692307693
10 0.27524038461538464 0.40625 0.06490384615384616 0.10576923076923077
10 0.25961538461538464 0.5144230769230769 0.055288461538461536 0.11298076923076923
10 0.2536057692307692 0.625 0.06490384615384616 0.1201923076923077
10 0.4411057692307692 0.7632211538461539 0.06490384615384616 0.12259615384615384