5 0.5961538461538461 0.2824519230769231 0.09375 0.18990384615384615
3 0.44591346153846156 0.4074519230769231 0.08653846153846154 0.15144230769230768
7 0.46033653846153844 0.6117788461538461 0.08413461538461539 0.15865384615384615
11 0.35216346153846156 0.30528846153846156 0.08413461538461539 0.18509615384615385
9 0.18028846153846154 0.6322115384615384 0.09134615384615384 0.17307692307692307
8 0.2620192307692308 0.39302884615384615 0.0985576923076923 0.2091346153846154
12 0.17307692307692307 0.08173076923076923 0.07211538461538461 0.11538461538461539
12 0.2824519230769231 0.7740384615384616 0.09615384615384616 0.14903846153846154
10 0.2776442307692308 0.6418269230769231 0.07451923076923077 0.11538461538461539
10 0.2692307692307692 0.23677884615384615 0.0673076923076923 0.11298076923076923
10 0.25240384615384615 0.07572115384615384 0.0673076923076923 0.11057692307692307
10 0.43149038461538464 0.31009615384615385 0.055288461538461536 0.10817307692307693
10 0.4807692307692308 0.75 0.07692307692307693 0.125
4 0.49158653846153844 0.0625 0.06490384615384616 0.10817307692307693
4 0.6694711538461539 0.21754807692307693 0.06490384615384616 0.11538461538461539
4 0.6454326923076923 0.12860576923076922 0.0625 0.10817307692307693
4 0.5120192307692307 0.30288461538461536 0.0673076923076923 0.11298076923076923
4 0.6358173076923077 0.5 0.06971153846153846 0.125
4 0.7043269230769231 0.3918269230769231 0.06490384615384616 0.1201923076923077
2 0.7956730769230769 0.3449519230769231 0.10096153846153846 0.21634615384615385
6 0.8774038461538461 0.7139423076923077 0.0985576923076923 0.15384615384615385