6 0.16826923076923078 0.7716346153846154 0.0889423076923077 0.14423076923076922
12 0.36538461538461536 0.734375 0.07692307692307693 0.14423076923076922
2 0.2692307692307692 0.6177884615384616 0.10096153846153846 0.20192307692307693
5 0.3629807692307692 0.30288461538461536 0.07932692307692307 0.18028846153846154
4 0.2776442307692308 0.42427884615384615 0.06490384615384616 0.11778846153846154
4 0.2800480769230769 0.24879807692307693 0.057692307692307696 0.11298076923076923
4 0.3605769230769231 0.515625 0.057692307692307696 0.11298076923076923
3 0.5324519230769231 0.38341346153846156 0.07692307692307693 0.14182692307692307
4 0.44591346153846156 0.29927884615384615 0.052884615384615384 0.10336538461538461
9 0.4375 0.13221153846153846 0.0673076923076923 0.13942307692307693
9 0.5564903846153846 0.7211538461538461 0.07932692307692307 0.15865384615384615
7 0.5528846153846154 0.5901442307692307 0.0673076923076923 0.1466346153846154
11 0.5985576923076923 0.27283653846153844 0.07451923076923077 0.18028846153846154
8 0.6983173076923077 0.3389423076923077 0.08413461538461539 0.2091346153846154
12 0.7271634615384616 0.039663461538461536 0.055288461538461536 0.07932692307692307
10 0.5252403846153846 0.2932692307692308 0.057692307692307696 0.10576923076923077
10 0.6538461538461539 0.040865384615384616 0.057692307692307696 0.08173076923076923
10 0.6658653846153846 0.18870192307692307 0.057692307692307696 0.11057692307692307
10 0.7319711538461539 0.5805288461538461 0.06971153846153846 0.11778846153846154