11 0.7884615384615384 0.25 0.08413461538461539 0.18028846153846154
8 0.8137019230769231 0.3389423076923077 0.0889423076923077 0.20192307692307693
9 0.6009615384615384 0.18629807692307693 0.07211538461538461 0.14423076923076922
9 0.8413461538461539 0.5793269230769231 0.08173076923076923 0.15144230769230768
12 0.7620192307692307 0.7295673076923077 0.07451923076923077 0.14182692307692307
12 0.7487980769230769 0.040865384615384616 0.06490384615384616 0.08173076923076923
7 0.8377403846153846 0.46274038461538464 0.07451923076923077 0.1466346153846154
7 0.5901442307692307 0.046875 0.06009615384615385 0.09375
10 0.5360576923076923 0.2956730769230769 0.04807692307692308 0.0985576923076923
10 0.5300480769230769 0.1346153846153846 0.04567307692307692 0.10096153846153846
10 0.6682692307692307 0.04326923076923077 0.052884615384615384 0.08653846153846154
10 0.6887019230769231 0.20432692307692307 0.052884615384615384 0.10336538461538461
10 0.7115384615384616 0.3954326923076923 0.0625 0.10336538461538461
10 0.7319711538461539 0.49759615384615385 0.057692307692307696 0.11057692307692307
10 0.7403846153846154 0.6021634615384616 0.06009615384615385 0.11538461538461539
10 0.5649038461538461 0.7415865384615384 0.0625 0.11538461538461539
3 0.3641826923076923 0.13822115384615385 0.055288461538461536 0.13942307692307693
3 0.5396634615384616 0.39302884615384615 0.07211538461538461 0.1466346153846154
5 0.1778846153846154 0.3173076923076923 0.07692307692307693 0.15625
2 0.1814903846153846 0.39783653846153844 0.09134615384615384 0.19471153846153846
6 0.3605769230769231 0.06971153846153846 0.057692307692307696 0.1201923076923077
6 0.1622596153846154 0.7788461538461539 0.08413461538461539 0.13942307692307693
1 0.20673076923076922 0.23317307692307693 0.055288461538461536 0.13942307692307693
1 0.2860576923076923 0.6418269230769231 0.07211538461538461 0.1466346153846154
4 0.27884615384615385 0.5348557692307693 0.0625 0.10336538461538461
4 0.2800480769230769 0.42788461538461536 0.06009615384615385 0.11057692307692307
4 0.3798076923076923 0.6382211538461539 0.0625 0.11057692307692307
4 0.36658653846153844 0.7680288461538461 0.0625 0.11298076923076923
4 0.28846153846153844 0.24639423076923078 0.055288461538461536 0.10096153846153846
4 0.29086538461538464 0.16105769230769232 0.05048076923076923 0.10336538461538461
4 0.43028846153846156 0.0673076923076923 0.04807692307692308 0.10096153846153846
4 0.4543269230769231 0.30649038461538464 0.05048076923076923 0.10817307692307693