11 0.16706730769230768 0.23557692307692307 0.07451923076923077 0.18269230769230768
8 0.14903846153846154 0.33052884615384615 0.07692307692307693 0.20673076923076922
9 0.3545673076923077 0.14903846153846154 0.06490384615384616 0.1466346153846154
9 0.14783653846153846 0.5805288461538461 0.07451923076923077 0.15384615384615385
12 0.24519230769230768 0.7283653846153846 0.06971153846153846 0.14182692307692307
12 0.18389423076923078 0.03125 0.057692307692307696 0.05048076923076923
7 0.13822115384615385 0.46033653846153844 0.0673076923076923 0.14903846153846154
7 0.34975961538461536 0.026442307692307692 0.052884615384615384 0.04807692307692308
10 0.43149038461538464 0.2548076923076923 0.04567307692307692 0.10096153846153846
10 0.421875 0.08774038461538461 0.040865384615384616 0.10096153846153846
10 0.2668269230769231 0.028846153846153848 0.04567307692307692 0.05048076923076923
10 0.2644230769230769 0.17668269230769232 0.04807692307692308 0.10576923076923077
10 0.2608173076923077 0.37740384615384615 0.057692307692307696 0.10336538461538461
10 0.2536057692307692 0.48677884615384615 0.052884615384615384 0.11057692307692307
10 0.2536057692307692 0.5949519230769231 0.055288461538461536 0.11778846153846154
10 0.45072115384615385 0.71875 0.057692307692307696 0.11538461538461539
3 0.5925480769230769 0.07451923076923077 0.05048076923076923 0.14182692307692307
3 0.4387019230769231 0.35697115384615385 0.06490384615384616 0.14903846153846154
5 0.8052884615384616 0.23918269230769232 0.06971153846153846 0.15865384615384615
2 0.8088942307692307 0.32091346153846156 0.08173076923076923 0.19951923076923078
6 0.5889423076923077 0.03125 0.04807692307692308 0.0625
6 0.8713942307692307 0.7151442307692307 0.07692307692307693 0.13942307692307693
1 0.7668269230769231 0.15504807692307693 0.04807692307692308 0.14182692307692307
1 0.7283653846153846 0.5865384615384616 0.06490384615384616 0.14903846153846154
4 0.7247596153846154 0.47475961538461536 0.057692307692307696 0.10336538461538461
4 0.7115384615384616 0.3629807692307692 0.055288461538461536 0.11298076923076923
4 0.6310096153846154 0.5925480769230769 0.057692307692307696 0.11057692307692307
4 0.6586538461538461 0.7247596153846154 0.057692307692307696 0.11298076923076923
4 0.6826923076923077 0.17668269230769232 0.05048076923076923 0.10096153846153846
4 0.6706730769230769 0.0889423076923077 0.04326923076923077 0.10576923076923077
4 0.515625 0.028846153846153848 0.04326923076923077 0.057692307692307696
4 0.5168269230769231 0.25721153846153844 0.04567307692307692 0.11057692307692307