6 0.7716346153846154 0.08533653846153846 0.055288461538461536 0.11298076923076923
4 0.7211538461538461 0.7475961538461539 0.06009615384615385 0.11538461538461539
6 0.8233173076923077 0.7584134615384616 0.07932692307692307 0.13221153846153846
10 0.23798076923076922 0.7199519230769231 0.06490384615384616 0.11057692307692307
12 0.12620192307692307 0.7199519230769231 0.07692307692307693 0.13942307692307693
9 0.23677884615384615 0.10697115384615384 0.06490384615384616 0.12980769230769232
3 0.7680288461538461 0.1502403846153846 0.0625 0.125
10 0.31009615384615385 0.125 0.04807692307692308 0.09375
4 0.6887019230769231 0.15745192307692307 0.04807692307692308 0.09615384615384616
7 0.21634615384615385 0.1814903846153846 0.057692307692307696 0.13701923076923078
1 0.7704326923076923 0.2283653846153846 0.052884615384615384 0.12980769230769232
10 0.3016826923076923 0.2091346153846154 0.04567307692307692 0.0985576923076923
4 0.6947115384615384 0.2403846153846154 0.04567307692307692 0.09615384615384616
11 0.20432692307692307 0.25841346153846156 0.07211538461538461 0.17067307692307693
5 0.7956730769230769 0.3161057692307692 0.07692307692307693 0.16105769230769232
10 0.29086538461538464 0.2920673076923077 0.05048076923076923 0.10096153846153846
4 0.6983173076923077 0.32211538461538464 0.05048076923076923 0.10096153846153846
8 0.18389423076923078 0.3425480769230769 0.07932692307692307 0.19471153846153846
2 0.8004807692307693 0.38822115384615385 0.08653846153846154 0.18509615384615385
4 0.7043269230769231 0.41586538461538464 0.052884615384615384 0.10096153846153846
10 0.2860576923076923 0.3918269230769231 0.05048076923076923 0.10096153846153846
7 0.1622596153846154 0.46274038461538464 0.06490384615384616 0.1346153846153846
1 0.8052884615384616 0.515625 0.07211538461538461 0.13701923076923078
4 0.7103365384615384 0.5216346153846154 0.052884615384615384 0.10096153846153846
10 0.265625 0.4963942307692308 0.052884615384615384 0.10576923076923077
12 0.24278846153846154 0.042067307692307696 0.052884615384615384 0.08413461538461539
10 0.3173076923076923 0.046875 0.04807692307692308 0.09375
9 0.16105769230769232 0.5793269230769231 0.07451923076923077 0.14423076923076922
3 0.8185096153846154 0.6346153846153846 0.08413461538461539 0.13221153846153846
4 0.7151442307692307 0.6310096153846154 0.06009615384615385 0.10576923076923077
10 0.25841346153846156 0.5997596153846154 0.055288461538461536 0.10576923076923077
4 0.6899038461538461 0.07572115384615384 0.04567307692307692 0.10096153846153846