11 0.33653846153846156 0.14423076923076922 0.06971153846153846 0.18269230769230768
8 0.15865384615384615 0.3088942307692308 0.08173076923076923 0.2091346153846154
9 0.4519230769230769 0.6478365384615384 0.06971153846153846 0.1658653846153846
6 0.25961538461538464 0.07091346153846154 0.06490384615384616 0.12259615384615384
12 0.4182692307692308 0.15865384615384615 0.06009615384615385 0.1346153846153846
7 0.4375 0.43149038461538464 0.0625 0.15625
10 0.265625 0.16947115384615385 0.05048076923076923 0.11298076923076923
10 0.2548076923076923 0.34134615384615385 0.057692307692307696 0.11538461538461539
10 0.34615384615384615 0.3293269230769231 0.055288461538461536 0.1201923076923077
10 0.3557692307692308 0.5625 0.06009615384615385 0.12259615384615384
3 0.24158653846153846 0.6502403846153846 0.07451923076923077 0.1658653846153846
1 0.5012019230769231 0.23076923076923078 0.057692307692307696 0.14903846153846154
2 0.7680288461538461 0.2932692307692308 0.09134615384615384 0.21153846153846154
4 0.6814903846153846 0.3389423076923077 0.055288461538461536 0.10817307692307693
4 0.6069711538461539 0.5324519230769231 0.055288461538461536 0.125
4 0.5420673076923077 0.6622596153846154 0.0625 0.1201923076923077