2 0.7487980769230769 0.28125 0.10336538461538461 0.21875
6 0.5240384615384616 0.07932692307692307 0.07451923076923077 0.13942307692307693
1 0.4723557692307692 0.23918269230769232 0.07211538461538461 0.15865384615384615
4 0.3762019230769231 0.19230769230769232 0.06009615384615385 0.125
4 0.6634615384615384 0.3389423076923077 0.06490384615384616 0.12259615384615384
4 0.6033653846153846 0.5516826923076923 0.06971153846153846 0.12740384615384615
4 0.5456730769230769 0.6850961538461539 0.07211538461538461 0.13221153846153846
3 0.43509615384615385 0.6838942307692307 0.08173076923076923 0.1658653846153846
3 0.23317307692307693 0.6850961538461539 0.0889423076923077 0.1658653846153846
11 0.296875 0.16947115384615385 0.07692307692307693 0.18509615384615385
12 0.13942307692307693 0.12379807692307693 0.07932692307692307 0.14423076923076922
8 0.12860576923076922 0.3473557692307692 0.09375 0.21634615384615385
9 0.24158653846153846 0.8413461538461539 0.09375 0.17307692307692307
7 0.4206730769230769 0.45552884615384615 0.07451923076923077 0.15865384615384615
10 0.31490384615384615 0.35697115384615385 0.0673076923076923 0.12740384615384615
10 0.22355769230769232 0.19591346153846154 0.0625 0.12259615384615384
10 0.22716346153846154 0.37259615384615385 0.06009615384615385 0.12259615384615384
10 0.34375 0.5949519230769231 0.06971153846153846 0.12980769230769232