2 0.23197115384615385 0.2848557692307692 0.09615384615384616 0.21394230769230768
6 0.44591346153846156 0.07692307692307693 0.0673076923076923 0.13701923076923078
1 0.5036057692307693 0.234375 0.06490384615384616 0.15625
4 0.5961538461538461 0.18389423076923078 0.055288461538461536 0.12259615384615384
4 0.31850961538461536 0.3389423076923077 0.06009615384615385 0.1201923076923077
4 0.38461538461538464 0.546875 0.0673076923076923 0.125
4 0.44591346153846156 0.6778846153846154 0.0673076923076923 0.12980769230769232
3 0.5564903846153846 0.671875 0.07692307692307693 0.16105769230769232
3 0.7560096153846154 0.6658653846153846 0.08413461538461539 0.16346153846153846
11 0.6730769230769231 0.15865384615384615 0.06971153846153846 0.18269230769230768
12 0.8293269230769231 0.10817307692307693 0.07451923076923077 0.13942307692307693
8 0.8473557692307693 0.3293269230769231 0.08653846153846154 0.21394230769230768
9 0.7524038461538461 0.8197115384615384 0.0889423076923077 0.16826923076923078
7 0.5612980769230769 0.44471153846153844 0.06971153846153846 0.15384615384615385
10 0.6622596153846154 0.34375 0.0625 0.125
10 0.7475961538461539 0.1814903846153846 0.057692307692307696 0.1201923076923077
10 0.7512019230769231 0.35697115384615385 0.055288461538461536 0.1201923076923077
10 0.6418269230769231 0.5805288461538461 0.06490384615384616 0.12740384615384615