3 0.24158653846153846 0.5733173076923077 0.09134615384615384 0.15865384615384615
6 0.09735576923076923 0.6850961538461539 0.09375 0.15144230769230768
2 0.18509615384615385 0.31009615384615385 0.0985576923076923 0.21875
5 0.3918269230769231 0.24879807692307693 0.08413461538461539 0.1971153846153846
6 0.421875 0.03485576923076923 0.06009615384615385 0.06971153846153846
9 0.41586538461538464 0.07932692307692307 0.0673076923076923 0.14182692307692307
9 0.546875 0.36778846153846156 0.07692307692307693 0.14903846153846154
4 0.49158653846153844 0.037259615384615384 0.055288461538461536 0.07451923076923077
4 0.3137019230769231 0.171875 0.06009615384615385 0.11057692307692307
4 0.33774038461538464 0.08533653846153846 0.057692307692307696 0.10817307692307693
4 0.27524038461538464 0.35216346153846156 0.06490384615384616 0.11778846153846154
4 0.25841346153846156 0.45913461538461536 0.0673076923076923 0.1201923076923077
4 0.30528846153846156 0.7103365384615384 0.07932692307692307 0.12259615384615384
4 0.47475961538461536 0.25961538461538464 0.06009615384615385 0.11778846153846154
8 0.8317307692307693 0.36177884615384615 0.09615384615384616 0.21394230769230768
12 0.8221153846153846 0.056490384615384616 0.0625 0.06490384615384616
12 0.7127403846153846 0.75 0.08653846153846154 0.15384615384615385
7 0.8377403846153846 0.49038461538461536 0.08413461538461539 0.15384615384615385
11 0.8245192307692307 0.26802884615384615 0.08653846153846154 0.1875
9 0.6466346153846154 0.16706730769230768 0.07451923076923077 0.14903846153846154
9 0.8197115384615384 0.6117788461538461 0.0889423076923077 0.16105769230769232
10 0.5600961538461539 0.27163461538461536 0.057692307692307696 0.11298076923076923
10 0.7391826923076923 0.04927884615384615 0.055288461538461536 0.06490384615384616
10 0.7307692307692307 0.20432692307692307 0.0625 0.11778846153846154
10 0.7223557692307693 0.4026442307692308 0.06490384615384616 0.11298076923076923
10 0.7211538461538461 0.5084134615384616 0.0673076923076923 0.11298076923076923
10 0.7151442307692307 0.6153846153846154 0.06971153846153846 0.11778846153846154
10 0.5084134615384616 0.7223557692307693 0.06971153846153846 0.12740384615384615