3 0.7091346153846154 0.6213942307692307 0.07932692307692307 0.1466346153846154
6 0.8305288461538461 0.7439903846153846 0.07932692307692307 0.14182692307692307
2 0.7932692307692307 0.37740384615384615 0.08413461538461539 0.20432692307692307
5 0.6045673076923077 0.2980769230769231 0.06971153846153846 0.18269230769230768
6 0.6033653846153846 0.0673076923076923 0.055288461538461536 0.11778846153846154
9 0.6021634615384616 0.1346153846153846 0.057692307692307696 0.13221153846153846
9 0.44471153846153844 0.390625 0.06490384615384616 0.13942307692307693
4 0.5348557692307693 0.06850961538461539 0.05048076923076923 0.10576923076923077
4 0.6875 0.234375 0.052884615384615384 0.10096153846153846
4 0.6754807692307693 0.1502403846153846 0.05048076923076923 0.10096153846153846
4 0.7019230769230769 0.4098557692307692 0.055288461538461536 0.11057692307692307
4 0.7067307692307693 0.5120192307692307 0.06009615384615385 0.11057692307692307
4 0.6322115384615384 0.7427884615384616 0.06971153846153846 0.11298076923076923
4 0.5252403846153846 0.29927884615384615 0.052884615384615384 0.11057692307692307
8 0.1778846153846154 0.35336538461538464 0.08173076923076923 0.19951923076923078
12 0.22235576923076922 0.04807692307692308 0.06009615384615385 0.09615384615384616
12 0.24519230769230768 0.7331730769230769 0.07451923076923077 0.14182692307692307
7 0.15865384615384615 0.4735576923076923 0.07211538461538461 0.14182692307692307
11 0.19591346153846154 0.265625 0.07211538461538461 0.17307692307692307
9 0.375 0.19110576923076922 0.06490384615384616 0.13942307692307693
9 0.15985576923076922 0.5889423076923077 0.07692307692307693 0.14903846153846154
10 0.44471153846153844 0.29927884615384615 0.04807692307692308 0.10336538461538461
10 0.29927884615384615 0.04927884615384615 0.05048076923076923 0.0985576923076923
10 0.29086538461538464 0.21634615384615385 0.055288461538461536 0.10817307692307693
10 0.2764423076923077 0.40384615384615385 0.055288461538461536 0.10576923076923077
10 0.2644230769230769 0.5036057692307693 0.057692307692307696 0.10336538461538461
10 0.25841346153846156 0.6057692307692307 0.06009615384615385 0.11057692307692307
10 0.43990384615384615 0.7307692307692307 0.06009615384615385 0.11778846153846154