6 0.1346153846153846 0.7872596153846154 0.09375 0.15144230769230768
2 0.14783653846153846 0.5240384615384616 0.11538461538461539 0.22596153846153846
5 0.3473557692307692 0.2980769230769231 0.08413461538461539 0.19471153846153846
9 0.43028846153846156 0.12379807692307693 0.08173076923076923 0.1466346153846154
4 0.4074519230769231 0.055288461538461536 0.057692307692307696 0.10096153846153846
4 0.2548076923076923 0.42788461538461536 0.0673076923076923 0.12740384615384615
4 0.2608173076923077 0.23557692307692307 0.06971153846153846 0.11538461538461539
4 0.4362980769230769 0.30288461538461536 0.0625 0.11778846153846154
4 0.33774038461538464 0.5252403846153846 0.06971153846153846 0.125
3 0.5240384615384616 0.39302884615384615 0.07692307692307693 0.15144230769230768
9 0.8401442307692307 0.5853365384615384 0.09375 0.16346153846153846
11 0.5985576923076923 0.2764423076923077 0.08413461538461539 0.18509615384615385
8 0.7043269230769231 0.3485576923076923 0.0985576923076923 0.21634615384615385
10 0.734375 0.6117788461538461 0.07211538461538461 0.125
12 0.7548076923076923 0.7475961538461539 0.08653846153846154 0.15144230769230768
12 0.7427884615384616 0.03485576923076923 0.07211538461538461 0.06971153846153846
10 0.6622596153846154 0.039663461538461536 0.06490384615384616 0.07932692307692307
10 0.5192307692307693 0.296875 0.06971153846153846 0.11778846153846154
10 0.6706730769230769 0.19471153846153846 0.06009615384615385 0.125
7 0.5456730769230769 0.6105769230769231 0.08653846153846154 0.16346153846153846
10 0.5492788461538461 0.7572115384615384 0.07211538461538461 0.13221153846153846