6 0.8449519230769231 0.71875 0.08173076923076923 0.13942307692307693
2 0.8016826923076923 0.4735576923076923 0.0985576923076923 0.2091346153846154
5 0.5901442307692307 0.28846153846153844 0.06971153846153846 0.1778846153846154
9 0.49158653846153844 0.1346153846153846 0.06971153846153846 0.13221153846153846
4 0.5048076923076923 0.06490384615384616 0.05048076923076923 0.10096153846153846
4 0.6911057692307693 0.39663461538461536 0.057692307692307696 0.11778846153846154
4 0.6634615384615384 0.21995192307692307 0.06009615384615385 0.10576923076923077
4 0.5084134615384616 0.30288461538461536 0.052884615384615384 0.10817307692307693
4 0.625 0.49759615384615385 0.06009615384615385 0.11538461538461539
3 0.4362980769230769 0.3954326923076923 0.06490384615384616 0.13942307692307693
9 0.16346153846153846 0.6105769230769231 0.08173076923076923 0.14903846153846154
11 0.35336538461538464 0.2956730769230769 0.06971153846153846 0.17067307692307693
8 0.2644230769230769 0.3762019230769231 0.08413461538461539 0.19951923076923078
10 0.2668269230769231 0.625 0.0625 0.11538461538461539
12 0.2620192307692308 0.7524038461538461 0.07451923076923077 0.13942307692307693
12 0.18870192307692307 0.06490384615384616 0.06490384615384616 0.11057692307692307
10 0.265625 0.06370192307692307 0.057692307692307696 0.11057692307692307
10 0.42908653846153844 0.30649038461538464 0.06009615384615385 0.10817307692307693
10 0.2764423076923077 0.22716346153846154 0.05048076923076923 0.11538461538461539
7 0.4411057692307692 0.6009615384615384 0.07211538461538461 0.14903846153846154
10 0.4543269230769231 0.7367788461538461 0.0625 0.1201923076923077