2 0.23197115384615385 0.26802884615384615 0.11538461538461539 0.22596153846153846
3 0.30408653846153844 0.7704326923076923 0.10576923076923077 0.18028846153846154
6 0.3557692307692308 0.13581730769230768 0.07932692307692307 0.15144230769230768
4 0.27403846153846156 0.5252403846153846 0.07451923076923077 0.12740384615384615
4 0.48677884615384615 0.34375 0.0673076923076923 0.12740384615384615
1 0.44711538461538464 0.5420673076923077 0.07932692307692307 0.16346153846153846
1 0.6826923076923077 0.15504807692307693 0.09134615384615384 0.17307692307692307
8 0.8353365384615384 0.43149038461538464 0.11778846153846154 0.23076923076923078
10 0.6490384615384616 0.5673076923076923 0.07211538461538461 0.13221153846153846
9 0.8449519230769231 0.16947115384615385 0.09134615384615384 0.18028846153846154
7 0.5300480769230769 0.06370192307692307 0.07451923076923077 0.12740384615384615
7 0.8413461538461539 0.6911057692307693 0.09375 0.16826923076923078