6 0.11538461538461539 0.7463942307692307 0.07932692307692307 0.14423076923076922
2 0.23798076923076922 0.5973557692307693 0.0985576923076923 0.22355769230769232
5 0.375 0.2848557692307692 0.07692307692307693 0.18028846153846154
4 0.2920673076923077 0.21514423076923078 0.052884615384615384 0.11298076923076923
4 0.34134615384615385 0.5060096153846154 0.055288461538461536 0.1201923076923077
4 0.45913461538461536 0.296875 0.055288461538461536 0.11538461538461539
3 0.5348557692307693 0.3954326923076923 0.08173076923076923 0.14903846153846154
11 0.6201923076923077 0.28846153846153844 0.07451923076923077 0.19230769230769232
8 0.7127403846153846 0.3641826923076923 0.08173076923076923 0.21634615384615385
10 0.5432692307692307 0.296875 0.0625 0.11538461538461539
10 0.6201923076923077 0.13341346153846154 0.057692307692307696 0.11298076923076923
10 0.7067307692307693 0.054086538461538464 0.052884615384615384 0.09615384615384616
10 0.7163461538461539 0.6201923076923077 0.06971153846153846 0.13221153846153846
12 0.8004807692307693 0.20552884615384615 0.06971153846153846 0.1346153846153846
12 0.3161057692307692 0.734375 0.08173076923076923 0.16346153846153846