6 0.8389423076923077 0.7644230769230769 0.07692307692307693 0.14423076923076922
2 0.7283653846153846 0.609375 0.09615384615384616 0.22115384615384615
5 0.6141826923076923 0.28966346153846156 0.07692307692307693 0.1778846153846154
4 0.7007211538461539 0.22716346153846154 0.05048076923076923 0.11057692307692307
4 0.6334134615384616 0.5108173076923077 0.055288461538461536 0.1201923076923077
4 0.5300480769230769 0.2956730769230769 0.055288461538461536 0.11298076923076923
3 0.4495192307692308 0.3870192307692308 0.08173076923076923 0.14903846153846154
11 0.3713942307692308 0.2764423076923077 0.07451923076923077 0.18990384615384615
8 0.27524038461538464 0.3449519230769231 0.08173076923076923 0.21394230769230768
10 0.44711538461538464 0.28966346153846156 0.0625 0.11538461538461539
10 0.38341346153846156 0.12379807692307693 0.057692307692307696 0.11057692307692307
10 0.30288461538461536 0.04326923076923077 0.052884615384615384 0.08653846153846154
10 0.2548076923076923 0.5985576923076923 0.06971153846153846 0.12980769230769232
12 0.20072115384615385 0.18269230769230768 0.06971153846153846 0.1346153846153846
12 0.6418269230769231 0.7367788461538461 0.08173076923076923 0.16105769230769232