2 0.7764423076923077 0.3076923076923077 0.0985576923076923 0.21875
1 0.6045673076923077 0.14783653846153846 0.06971153846153846 0.15384615384615385
6 0.5865384615384616 0.06971153846153846 0.06971153846153846 0.12740384615384615
6 0.515625 0.23197115384615385 0.07692307692307693 0.13221153846153846
3 0.4338942307692308 0.23197115384615385 0.06971153846153846 0.14182692307692307
4 0.41947115384615385 0.15985576923076922 0.0625 0.11298076923076923
4 0.6850961538461539 0.34615384615384615 0.06009615384615385 0.11538461538461539
4 0.5877403846153846 0.5492788461538461 0.0625 0.125
4 0.7103365384615384 0.8125 0.07211538461538461 0.12740384615384615
4 0.5108173076923077 0.6754807692307693 0.07211538461538461 0.1346153846153846
3 0.39903846153846156 0.7872596153846154 0.0889423076923077 0.18028846153846154
8 0.12980769230769232 0.37740384615384615 0.10336538461538461 0.22115384615384615
12 0.19110576923076922 0.055288461538461536 0.07932692307692307 0.11057692307692307
9 0.18269230769230768 0.78125 0.09615384615384616 0.17548076923076922
11 0.3401442307692308 0.1201923076923077 0.08413461538461539 0.19471153846153846
7 0.17548076923076922 0.109375 0.07211538461538461 0.15144230769230768
7 0.3329326923076923 0.41225961538461536 0.07451923076923077 0.15625
10 0.5096153846153846 0.14302884615384615 0.06490384615384616 0.1201923076923077
10 0.2668269230769231 0.1346153846153846 0.0673076923076923 0.12259615384615384
10 0.23798076923076922 0.3088942307692308 0.0625 0.11778846153846154
10 0.22716346153846154 0.41466346153846156 0.07211538461538461 0.12259615384615384
10 0.32572115384615385 0.5516826923076923 0.07451923076923077 0.12980769230769232