5 0.7992788461538461 0.2824519230769231 0.07692307692307693 0.16826923076923078
2 0.8052884615384616 0.3581730769230769 0.07692307692307693 0.19471153846153846
6 0.8569711538461539 0.7319711538461539 0.07692307692307693 0.1346153846153846
6 0.7548076923076923 0.051682692307692304 0.04567307692307692 0.10336538461538461
1 0.7692307692307693 0.19471153846153846 0.04807692307692308 0.13942307692307693
1 0.7235576923076923 0.609375 0.0625 0.13942307692307693
4 0.6730769230769231 0.04447115384615385 0.04326923076923077 0.0889423076923077
4 0.6899038461538461 0.21394230769230768 0.040865384615384616 0.10096153846153846
4 0.6790865384615384 0.12740384615384615 0.040865384615384616 0.09615384615384616
4 0.7247596153846154 0.49759615384615385 0.052884615384615384 0.0985576923076923
4 0.7127403846153846 0.3894230769230769 0.04326923076923077 0.10576923076923077
4 0.6574519230769231 0.7367788461538461 0.04807692307692308 0.10576923076923077
4 0.6310096153846154 0.6129807692307693 0.052884615384615384 0.11057692307692307
4 0.5264423076923077 0.2860576923076923 0.04567307692307692 0.10096153846153846
3 0.6009615384615384 0.11298076923076923 0.052884615384615384 0.12980769230769232
3 0.4519230769230769 0.37740384615384615 0.057692307692307696 0.14423076923076922
11 0.18990384615384615 0.2608173076923077 0.0625 0.17307692307692307
8 0.17307692307692307 0.3485576923076923 0.0673076923076923 0.19230769230769232
7 0.19591346153846154 0.18629807692307693 0.04807692307692308 0.1346153846153846
7 0.15985576923076922 0.4807692307692308 0.057692307692307696 0.1346153846153846
9 0.36899038461538464 0.18509615384615385 0.04807692307692308 0.14423076923076922
9 0.1658653846153846 0.5973557692307693 0.0673076923076923 0.14423076923076922
12 0.25721153846153844 0.7391826923076923 0.0625 0.13942307692307693
12 0.2091346153846154 0.04326923076923077 0.04326923076923077 0.08653846153846154
10 0.28846153846153844 0.042067307692307696 0.038461538461538464 0.08413461538461539
10 0.28966346153846156 0.11899038461538461 0.038461538461538464 0.09134615384615384
10 0.2848557692307692 0.20793269230769232 0.038461538461538464 0.09375
10 0.2800480769230769 0.29447115384615385 0.04326923076923077 0.10096153846153846
10 0.27884615384615385 0.39663461538461536 0.04807692307692308 0.10096153846153846
10 0.26802884615384615 0.5012019230769231 0.04807692307692308 0.10336538461538461
10 0.2668269230769231 0.6081730769230769 0.05048076923076923 0.10576923076923077
10 0.4567307692307692 0.7319711538461539 0.052884615384615384 0.11538461538461539