5 0.8016826923076923 0.2932692307692308 0.07932692307692307 0.16826923076923078
2 0.8052884615384616 0.36899038461538464 0.07932692307692307 0.19471153846153846
6 0.8509615384615384 0.7415865384615384 0.07692307692307693 0.13701923076923078
6 0.7608173076923077 0.06009615384615385 0.04807692307692308 0.11057692307692307
1 0.7728365384615384 0.20673076923076922 0.05048076923076923 0.13942307692307693
1 0.7199519230769231 0.6177884615384616 0.06490384615384616 0.13942307692307693
4 0.6802884615384616 0.052884615384615384 0.04567307692307692 0.0985576923076923
4 0.6935096153846154 0.2247596153846154 0.04326923076923077 0.10096153846153846
4 0.6838942307692307 0.13822115384615385 0.04326923076923077 0.0985576923076923
4 0.7235576923076923 0.5072115384615384 0.055288461538461536 0.0985576923076923
4 0.7115384615384616 0.39903846153846156 0.04567307692307692 0.10576923076923077
4 0.6514423076923077 0.7439903846153846 0.05048076923076923 0.10817307692307693
4 0.6274038461538461 0.6189903846153846 0.055288461538461536 0.11298076923076923
4 0.5300480769230769 0.2932692307692308 0.04807692307692308 0.10096153846153846
3 0.6069711538461539 0.12139423076923077 0.052884615384615384 0.12980769230769232
3 0.4543269230769231 0.38221153846153844 0.06009615384615385 0.1466346153846154
11 0.1935096153846154 0.26322115384615385 0.06490384615384616 0.17307692307692307
8 0.17668269230769232 0.3485576923076923 0.06971153846153846 0.19230769230769232
7 0.20192307692307693 0.18870192307692307 0.05048076923076923 0.13701923076923078
7 0.16105769230769232 0.4807692307692308 0.057692307692307696 0.1346153846153846
9 0.375 0.18990384615384615 0.052884615384615384 0.14423076923076922
9 0.1658653846153846 0.5961538461538461 0.07211538461538461 0.14423076923076922
12 0.2548076923076923 0.7379807692307693 0.0625 0.13942307692307693
12 0.21754807692307693 0.04447115384615385 0.04567307692307692 0.0889423076923077
10 0.2980769230769231 0.04326923076923077 0.038461538461538464 0.08653846153846154
10 0.2956730769230769 0.12259615384615384 0.040865384615384616 0.09134615384615384
10 0.29086538461538464 0.21153846153846154 0.040865384615384616 0.09375
10 0.28365384615384615 0.296875 0.04567307692307692 0.10096153846153846
10 0.28125 0.39903846153846156 0.04807692307692308 0.10096153846153846
10 0.26802884615384615 0.5036057692307693 0.05048076923076923 0.10336538461538461
10 0.2644230769230769 0.609375 0.052884615384615384 0.10576923076923077
10 0.4519230769230769 0.7355769230769231 0.055288461538461536 0.11538461538461539