5 0.19110576923076922 0.3137019230769231 0.08413461538461539 0.17067307692307693
2 0.18870192307692307 0.38822115384615385 0.09375 0.1971153846153846
6 0.16346153846153846 0.7620192307692307 0.08173076923076923 0.14423076923076922
6 0.21754807692307693 0.07572115384615384 0.06009615384615385 0.11538461538461539
1 0.21514423076923078 0.22355769230769232 0.057692307692307696 0.13701923076923078
1 0.28966346153846156 0.6334134615384616 0.06971153846153846 0.13221153846153846
4 0.2848557692307692 0.41225961538461536 0.052884615384615384 0.10096153846153846
4 0.28125 0.5216346153846154 0.057692307692307696 0.10817307692307693
4 0.36778846153846156 0.7560096153846154 0.06009615384615385 0.10576923076923077
4 0.38341346153846156 0.6274038461538461 0.06009615384615385 0.11298076923076923
4 0.29447115384615385 0.23557692307692307 0.05048076923076923 0.0985576923076923
4 0.3004807692307692 0.15144230769230768 0.04807692307692308 0.09375
4 0.3016826923076923 0.06490384615384616 0.04807692307692308 0.10336538461538461
3 0.37740384615384615 0.12980769230769232 0.057692307692307696 0.13701923076923078
3 0.36177884615384615 0.49278846153846156 0.07211538461538461 0.1466346153846154
4 0.4639423076923077 0.3004807692307692 0.05048076923076923 0.10817307692307693
11 0.7980769230769231 0.25 0.07211538461538461 0.17548076923076922
8 0.8197115384615384 0.33653846153846156 0.08173076923076923 0.20192307692307693
7 0.8413461538461539 0.4651442307692308 0.06490384615384616 0.14182692307692307
7 0.7884615384615384 0.17427884615384615 0.06009615384615385 0.13701923076923078
9 0.6105769230769231 0.18509615384615385 0.06971153846153846 0.15625
9 0.8413461538461539 0.5769230769230769 0.07932692307692307 0.16105769230769232
10 0.5625 0.7391826923076923 0.06009615384615385 0.11057692307692307
10 0.7475961538461539 0.6033653846153846 0.0673076923076923 0.11057692307692307
10 0.7391826923076923 0.5024038461538461 0.0673076923076923 0.11538461538461539
10 0.71875 0.39302884615384615 0.0625 0.10576923076923077
10 0.7091346153846154 0.28966346153846156 0.06490384615384616 0.10336538461538461
10 0.7007211538461539 0.20192307692307693 0.057692307692307696 0.0985576923076923
10 0.6887019230769231 0.11658653846153846 0.06009615384615385 0.09375
10 0.6814903846153846 0.040865384615384616 0.04567307692307692 0.08173076923076923
12 0.7620192307692307 0.038461538461538464 0.057692307692307696 0.07692307692307693
12 0.7644230769230769 0.7283653846153846 0.07211538461538461 0.13942307692307693