5 0.22596153846153846 0.26802884615384615 0.08413461538461539 0.17067307692307693
2 0.21514423076923078 0.3401442307692308 0.09134615384615384 0.19471153846153846
6 0.13701923076923078 0.7043269230769231 0.08173076923076923 0.14182692307692307
6 0.2848557692307692 0.04807692307692308 0.06009615384615385 0.09615384615384616
1 0.26322115384615385 0.18389423076923078 0.057692307692307696 0.13701923076923078
1 0.2800480769230769 0.5961538461538461 0.06971153846153846 0.12980769230769232
4 0.30528846153846156 0.37740384615384615 0.05048076923076923 0.10096153846153846
4 0.2860576923076923 0.4855769230769231 0.055288461538461536 0.10817307692307693
4 0.3389423076923077 0.7259615384615384 0.057692307692307696 0.10576923076923077
4 0.37259615384615385 0.6021634615384616 0.06009615384615385 0.11298076923076923
4 0.3401442307692308 0.20673076923076922 0.05048076923076923 0.0985576923076923
4 0.3581730769230769 0.12379807692307693 0.04567307692307692 0.09375
4 0.36778846153846156 0.04447115384615385 0.04807692307692308 0.0889423076923077
3 0.43509615384615385 0.1141826923076923 0.057692307692307696 0.13701923076923078
3 0.3701923076923077 0.4675480769230769 0.07211538461538461 0.14423076923076922
4 0.4963942307692308 0.2920673076923077 0.05048076923076923 0.10576923076923077
11 0.8305288461538461 0.28966346153846156 0.07211538461538461 0.17307692307692307
8 0.8401442307692307 0.37740384615384615 0.08173076923076923 0.20192307692307693
7 0.8425480769230769 0.5060096153846154 0.06490384615384616 0.14182692307692307
7 0.8305288461538461 0.21394230769230768 0.06009615384615385 0.13701923076923078
9 0.65625 0.19831730769230768 0.06971153846153846 0.15625
9 0.828125 0.6165865384615384 0.07932692307692307 0.15865384615384615
10 0.53125 0.7367788461538461 0.06009615384615385 0.11057692307692307
10 0.7331730769230769 0.6286057692307693 0.06490384615384616 0.10817307692307693
10 0.7379807692307693 0.5288461538461539 0.06490384615384616 0.11298076923076923
10 0.7331730769230769 0.4182692307692308 0.0625 0.10576923076923077
10 0.7379807692307693 0.3161057692307692 0.06490384615384616 0.10336538461538461
10 0.7415865384615384 0.2283653846153846 0.057692307692307696 0.09615384615384616
10 0.7415865384615384 0.14302884615384615 0.057692307692307696 0.09375
10 0.7475961538461539 0.0625 0.04567307692307692 0.09615384615384616
12 0.8269230769230769 0.06850961538461539 0.055288461538461536 0.09615384615384616
12 0.7319711538461539 0.7548076923076923 0.07211538461538461 0.13942307692307693